emitter_role,emit_time_ns,run_id,condition_id,condition_label,service_type,transport,av_id,obu_id,rsu_id,request_id,session_id,intersection_id,source_id,sequence,network_load_level,qos_profile,mobility_state,clock_sync_state,accepted,service_success,vehicle_outcome_name,vehicle_outcome_value,vehicle_outcome_unit,frame_type,payload_bytes,client_send_ns,server_receive_ns,server_send_ns,client_receive_ns,rtt_ms,uplink_ms,server_ms,downlink_ms,detail
5g-udp-sender,1783019625058940220,edge4av-real-20260702-multiclient-scalability-run-4,p5g-scale-udp-payload-1024-clients-100,scale,guided-planning,udp,veh-73,veh-73,rsu-1,p5g-scale-udp-payload-1024-clients-100-veh-73-1,ipi-session-1,multiclient-scalability-run-4,veh-73,1,100-clients,default,stationary,unsynced,true,true,clients,100,count,IPI-CooperativeService,1100,1783019624948243396,1783019560246251537,1783019560246279886,1783019625058940220,110.697,,0.028,64812.660,"CooperativeService{guidedPlanning, status=request, vehicleId=0x7665682d3733, requestedHorizonMs=2500, confidence=100, planning.waypoints=1, offloadTaskId=udp-probe-1, offloadPayload=1024 bytes}"
5g-udp-sender,1783019625318874303,edge4av-real-20260702-multiclient-scalability-run-4,p5g-scale-udp-payload-1024-clients-100,scale,guided-planning,udp,veh-73,veh-73,rsu-1,p5g-scale-udp-payload-1024-clients-100-veh-73-2,ipi-session-1,multiclient-scalability-run-4,veh-73,2,100-clients,default,stationary,unsynced,true,true,clients,100,count,IPI-CooperativeService,1100,1783019625259179159,1783019560496967921,1783019560496989526,1783019625318874303,59.695,,0.022,64821.885,"CooperativeService{guidedPlanning, status=request, vehicleId=0x7665682d3733, requestedHorizonMs=2500, confidence=100, planning.waypoints=1, offloadTaskId=udp-probe-2, offloadPayload=1024 bytes}"
5g-udp-sender,1783019625550828946,edge4av-real-20260702-multiclient-scalability-run-4,p5g-scale-udp-payload-1024-clients-100,scale,guided-planning,udp,veh-73,veh-73,rsu-1,p5g-scale-udp-payload-1024-clients-100-veh-73-3,ipi-session-1,multiclient-scalability-run-4,veh-73,3,100-clients,default,stationary,unsynced,true,true,clients,100,count,IPI-CooperativeService,1100,1783019625519030517,1783019560736908031,1783019560736930480,1783019625550828946,31.798,,0.022,64813.898,"CooperativeService{guidedPlanning, status=request, vehicleId=0x7665682d3733, requestedHorizonMs=2500, confidence=100, planning.waypoints=1, offloadTaskId=udp-probe-3, offloadPayload=1024 bytes}"
5g-udp-sender,1783019625811441763,edge4av-real-20260702-multiclient-scalability-run-4,p5g-scale-udp-payload-1024-clients-100,scale,guided-planning,udp,veh-73,veh-73,rsu-1,p5g-scale-udp-payload-1024-clients-100-veh-73-4,ipi-session-1,multiclient-scalability-run-4,veh-73,4,100-clients,default,stationary,unsynced,true,true,clients,100,count,IPI-CooperativeService,1100,1783019625750991287,1783019560997244790,1783019560997273480,1783019625811441763,60.450,,0.029,64814.168,"CooperativeService{guidedPlanning, status=request, vehicleId=0x7665682d3733, requestedHorizonMs=2500, confidence=100, planning.waypoints=1, offloadTaskId=udp-probe-4, offloadPayload=1024 bytes}"
5g-udp-sender,1783019626071379859,edge4av-real-20260702-multiclient-scalability-run-4,p5g-scale-udp-payload-1024-clients-100,scale,guided-planning,udp,veh-73,veh-73,rsu-1,p5g-scale-udp-payload-1024-clients-100-veh-73-5,ipi-session-1,multiclient-scalability-run-4,veh-73,5,100-clients,default,stationary,unsynced,true,true,clients,100,count,IPI-CooperativeService,1100,1783019626011591367,1783019561257547664,1783019561257573912,1783019626071379859,59.788,,0.026,64813.806,"CooperativeService{guidedPlanning, status=request, vehicleId=0x7665682d3733, requestedHorizonMs=2500, confidence=100, planning.waypoints=1, offloadTaskId=udp-probe-5, offloadPayload=1024 bytes}"
5g-udp-sender,1783019626316805457,edge4av-real-20260702-multiclient-scalability-run-4,p5g-scale-udp-payload-1024-clients-100,scale,guided-planning,udp,veh-73,veh-73,rsu-1,p5g-scale-udp-payload-1024-clients-100-veh-73-6,ipi-session-1,multiclient-scalability-run-4,veh-73,6,100-clients,default,stationary,unsynced,true,true,clients,100,count,IPI-CooperativeService,1100,1783019626271532516,1783019561498445895,1783019561498468978,1783019626316805457,45.273,,0.023,64818.336,"CooperativeService{guidedPlanning, status=request, vehicleId=0x7665682d3733, requestedHorizonMs=2500, confidence=100, planning.waypoints=1, offloadTaskId=udp-probe-6, offloadPayload=1024 bytes}"
5g-udp-sender,1783019626562772438,edge4av-real-20260702-multiclient-scalability-run-4,p5g-scale-udp-payload-1024-clients-100,scale,guided-planning,udp,veh-73,veh-73,rsu-1,p5g-scale-udp-payload-1024-clients-100-veh-73-7,ipi-session-1,multiclient-scalability-run-4,veh-73,7,100-clients,default,stationary,unsynced,true,true,clients,100,count,IPI-CooperativeService,1100,1783019626517007648,1783019561748920966,1783019561748943091,1783019626562772438,45.765,,0.022,64813.829,"CooperativeService{guidedPlanning, status=request, vehicleId=0x7665682d3733, requestedHorizonMs=2500, confidence=100, planning.waypoints=1, offloadTaskId=udp-probe-7, offloadPayload=1024 bytes}"
5g-udp-sender,1783019626811304487,edge4av-real-20260702-multiclient-scalability-run-4,p5g-scale-udp-payload-1024-clients-100,scale,guided-planning,udp,veh-73,veh-73,rsu-1,p5g-scale-udp-payload-1024-clients-100-veh-73-8,ipi-session-1,multiclient-scalability-run-4,veh-73,8,100-clients,default,stationary,unsynced,true,true,clients,100,count,IPI-CooperativeService,1100,1783019626762925415,1783019561998882972,1783019561998933858,1783019626811304487,48.379,,0.051,64812.371,"CooperativeService{guidedPlanning, status=request, vehicleId=0x7665682d3733, requestedHorizonMs=2500, confidence=100, planning.waypoints=1, offloadTaskId=udp-probe-8, offloadPayload=1024 bytes}"
5g-udp-sender,1783019627052695904,edge4av-real-20260702-multiclient-scalability-run-4,p5g-scale-udp-payload-1024-clients-100,scale,guided-planning,udp,veh-73,veh-73,rsu-1,p5g-scale-udp-payload-1024-clients-100-veh-73-9,ipi-session-1,multiclient-scalability-run-4,veh-73,9,100-clients,default,stationary,unsynced,true,true,clients,100,count,IPI-CooperativeService,1100,1783019627011499352,1783019562239349300,1783019562239372265,1783019627052695904,41.197,,0.023,64813.324,"CooperativeService{guidedPlanning, status=request, vehicleId=0x7665682d3733, requestedHorizonMs=2500, confidence=100, planning.waypoints=1, offloadTaskId=udp-probe-9, offloadPayload=1024 bytes}"
5g-udp-sender,1783019627314733055,edge4av-real-20260702-multiclient-scalability-run-4,p5g-scale-udp-payload-1024-clients-100,scale,guided-planning,udp,veh-73,veh-73,rsu-1,p5g-scale-udp-payload-1024-clients-100-veh-73-10,ipi-session-1,multiclient-scalability-run-4,veh-73,10,100-clients,default,stationary,unsynced,true,true,clients,100,count,IPI-CooperativeService,1101,1783019627252844374,1783019562500080172,1783019562500103303,1783019627314733055,61.889,,0.023,64814.630,"CooperativeService{guidedPlanning, status=request, vehicleId=0x7665682d3733, requestedHorizonMs=2500, confidence=100, planning.waypoints=1, offloadTaskId=udp-probe-10, offloadPayload=1024 bytes}"
5g-udp-sender,1783019627592369026,edge4av-real-20260702-multiclient-scalability-run-4,p5g-scale-udp-payload-1024-clients-100,scale,guided-planning,udp,veh-73,veh-73,rsu-1,p5g-scale-udp-payload-1024-clients-100-veh-73-11,ipi-session-1,multiclient-scalability-run-4,veh-73,11,100-clients,default,stationary,unsynced,true,true,clients,100,count,IPI-CooperativeService,1101,1783019627514877396,1783019562780218428,1783019562780267989,1783019627592369026,77.492,,0.050,64812.101,"CooperativeService{guidedPlanning, status=request, vehicleId=0x7665682d3733, requestedHorizonMs=2500, confidence=100, planning.waypoints=1, offloadTaskId=udp-probe-11, offloadPayload=1024 bytes}"
5g-udp-sender,1783019627894662138,edge4av-real-20260702-multiclient-scalability-run-4,p5g-scale-udp-payload-1024-clients-100,scale,guided-planning,udp,veh-73,veh-73,rsu-1,p5g-scale-udp-payload-1024-clients-100-veh-73-12,ipi-session-1,multiclient-scalability-run-4,veh-73,12,100-clients,default,stationary,unsynced,true,true,clients,100,count,IPI-CooperativeService,1101,1783019627792519900,1783019563080992307,1783019563081041083,1783019627894662138,102.142,,0.049,64813.621,"CooperativeService{guidedPlanning, status=request, vehicleId=0x7665682d3733, requestedHorizonMs=2500, confidence=100, planning.waypoints=1, offloadTaskId=udp-probe-12, offloadPayload=1024 bytes}"
5g-udp-sender,1783019628134656891,edge4av-real-20260702-multiclient-scalability-run-4,p5g-scale-udp-payload-1024-clients-100,scale,guided-planning,udp,veh-73,veh-73,rsu-1,p5g-scale-udp-payload-1024-clients-100-veh-73-13,ipi-session-1,multiclient-scalability-run-4,veh-73,13,100-clients,default,stationary,unsynced,true,true,clients,100,count,IPI-CooperativeService,1101,1783019628094859892,1783019563321338635,1783019563321364481,1783019628134656891,39.797,,0.026,64813.292,"CooperativeService{guidedPlanning, status=request, vehicleId=0x7665682d3733, requestedHorizonMs=2500, confidence=100, planning.waypoints=1, offloadTaskId=udp-probe-13, offloadPayload=1024 bytes}"
5g-udp-sender,1783019628373753290,edge4av-real-20260702-multiclient-scalability-run-4,p5g-scale-udp-payload-1024-clients-100,scale,guided-planning,udp,veh-73,veh-73,rsu-1,p5g-scale-udp-payload-1024-clients-100-veh-73-14,ipi-session-1,multiclient-scalability-run-4,veh-73,14,100-clients,default,stationary,unsynced,true,true,clients,100,count,IPI-CooperativeService,1101,1783019628334812388,1783019563552170827,1783019563552198454,1783019628373753290,38.941,,0.028,64821.555,"CooperativeService{guidedPlanning, status=request, vehicleId=0x7665682d3733, requestedHorizonMs=2500, confidence=100, planning.waypoints=1, offloadTaskId=udp-probe-14, offloadPayload=1024 bytes}"
5g-udp-sender,1783019628608846774,edge4av-real-20260702-multiclient-scalability-run-4,p5g-scale-udp-payload-1024-clients-100,scale,guided-planning,udp,veh-73,veh-73,rsu-1,p5g-scale-udp-payload-1024-clients-100-veh-73-15,ipi-session-1,multiclient-scalability-run-4,veh-73,15,100-clients,default,stationary,unsynced,true,true,clients,100,count,IPI-CooperativeService,1101,1783019628573908757,1783019563792200631,1783019563792245557,1783019628608846774,34.938,,0.045,64816.601,"CooperativeService{guidedPlanning, status=request, vehicleId=0x7665682d3733, requestedHorizonMs=2500, confidence=100, planning.waypoints=1, offloadTaskId=udp-probe-15, offloadPayload=1024 bytes}"
5g-udp-sender,1783019628860736517,edge4av-real-20260702-multiclient-scalability-run-4,p5g-scale-udp-payload-1024-clients-100,scale,guided-planning,udp,veh-73,veh-73,rsu-1,p5g-scale-udp-payload-1024-clients-100-veh-73-16,ipi-session-1,multiclient-scalability-run-4,veh-73,16,100-clients,default,stationary,unsynced,true,true,clients,100,count,IPI-CooperativeService,1101,1783019628809006634,1783019564042283868,1783019564042295784,1783019628860736517,51.730,,0.012,64818.441,"CooperativeService{guidedPlanning, status=request, vehicleId=0x7665682d3733, requestedHorizonMs=2500, confidence=100, planning.waypoints=1, offloadTaskId=udp-probe-16, offloadPayload=1024 bytes}"
5g-udp-sender,1783019629094759655,edge4av-real-20260702-multiclient-scalability-run-4,p5g-scale-udp-payload-1024-clients-100,scale,guided-planning,udp,veh-73,veh-73,rsu-1,p5g-scale-udp-payload-1024-clients-100-veh-73-17,ipi-session-1,multiclient-scalability-run-4,veh-73,17,100-clients,default,stationary,unsynced,true,true,clients,100,count,IPI-CooperativeService,1101,1783019629060886404,1783019564282621443,1783019564282671202,1783019629094759655,33.873,,0.050,64812.088,"CooperativeService{guidedPlanning, status=request, vehicleId=0x7665682d3733, requestedHorizonMs=2500, confidence=100, planning.waypoints=1, offloadTaskId=udp-probe-17, offloadPayload=1024 bytes}"
5g-udp-sender,1783019629352781678,edge4av-real-20260702-multiclient-scalability-run-4,p5g-scale-udp-payload-1024-clients-100,scale,guided-planning,udp,veh-73,veh-73,rsu-1,p5g-scale-udp-payload-1024-clients-100-veh-73-18,ipi-session-1,multiclient-scalability-run-4,veh-73,18,100-clients,default,stationary,unsynced,true,true,clients,100,count,IPI-CooperativeService,1101,1783019629294913375,1783019564533333133,1783019564533366222,1783019629352781678,57.868,,0.033,64819.415,"CooperativeService{guidedPlanning, status=request, vehicleId=0x7665682d3733, requestedHorizonMs=2500, confidence=100, planning.waypoints=1, offloadTaskId=udp-probe-18, offloadPayload=1024 bytes}"
5g-udp-sender,1783019629618682711,edge4av-real-20260702-multiclient-scalability-run-4,p5g-scale-udp-payload-1024-clients-100,scale,guided-planning,udp,veh-73,veh-73,rsu-1,p5g-scale-udp-payload-1024-clients-100-veh-73-19,ipi-session-1,multiclient-scalability-run-4,veh-73,19,100-clients,default,stationary,unsynced,true,true,clients,100,count,IPI-CooperativeService,1101,1783019629552968098,1783019564804206296,1783019564804251323,1783019629618682711,65.715,,0.045,64814.431,"CooperativeService{guidedPlanning, status=request, vehicleId=0x7665682d3733, requestedHorizonMs=2500, confidence=100, planning.waypoints=1, offloadTaskId=udp-probe-19, offloadPayload=1024 bytes}"
5g-udp-sender,1783019629948808820,edge4av-real-20260702-multiclient-scalability-run-4,p5g-scale-udp-payload-1024-clients-100,scale,guided-planning,udp,veh-73,veh-73,rsu-1,p5g-scale-udp-payload-1024-clients-100-veh-73-20,ipi-session-1,multiclient-scalability-run-4,veh-73,20,100-clients,default,stationary,unsynced,true,true,clients,100,count,IPI-CooperativeService,1101,1783019629818835715,1783019565134158742,1783019565134209316,1783019629948808820,129.973,,0.051,64814.600,"CooperativeService{guidedPlanning, status=request, vehicleId=0x7665682d3733, requestedHorizonMs=2500, confidence=100, planning.waypoints=1, offloadTaskId=udp-probe-20, offloadPayload=1024 bytes}"
5g-udp-sender,1783019630292780003,edge4av-real-20260702-multiclient-scalability-run-4,p5g-scale-udp-payload-1024-clients-100,scale,guided-planning,udp,veh-73,veh-73,rsu-1,p5g-scale-udp-payload-1024-clients-100-veh-73-21,ipi-session-1,multiclient-scalability-run-4,veh-73,21,100-clients,default,stationary,unsynced,true,true,clients,100,count,IPI-CooperativeService,1101,1783019630148959479,1783019565475071975,1783019565475098093,1783019630292780003,143.821,,0.026,64817.682,"CooperativeService{guidedPlanning, status=request, vehicleId=0x7665682d3733, requestedHorizonMs=2500, confidence=100, planning.waypoints=1, offloadTaskId=udp-probe-21, offloadPayload=1024 bytes}"
5g-udp-sender,1783019630590690907,edge4av-real-20260702-multiclient-scalability-run-4,p5g-scale-udp-payload-1024-clients-100,scale,guided-planning,udp,veh-73,veh-73,rsu-1,p5g-scale-udp-payload-1024-clients-100-veh-73-22,ipi-session-1,multiclient-scalability-run-4,veh-73,22,100-clients,default,stationary,unsynced,true,true,clients,100,count,IPI-CooperativeService,1101,1783019630492949292,1783019565775392891,1783019565775424762,1783019630590690907,97.742,,0.032,64815.266,"CooperativeService{guidedPlanning, status=request, vehicleId=0x7665682d3733, requestedHorizonMs=2500, confidence=100, planning.waypoints=1, offloadTaskId=udp-probe-22, offloadPayload=1024 bytes}"
5g-udp-sender,1783019630880791127,edge4av-real-20260702-multiclient-scalability-run-4,p5g-scale-udp-payload-1024-clients-100,scale,guided-planning,udp,veh-73,veh-73,rsu-1,p5g-scale-udp-payload-1024-clients-100-veh-73-23,ipi-session-1,multiclient-scalability-run-4,veh-73,23,100-clients,default,stationary,unsynced,true,true,clients,100,count,IPI-CooperativeService,1101,1783019630790855523,1783019566066023384,1783019566066051656,1783019630880791127,89.936,,0.028,64814.739,"CooperativeService{guidedPlanning, status=request, vehicleId=0x7665682d3733, requestedHorizonMs=2500, confidence=100, planning.waypoints=1, offloadTaskId=udp-probe-23, offloadPayload=1024 bytes}"
5g-udp-sender,1783019631164675166,edge4av-real-20260702-multiclient-scalability-run-4,p5g-scale-udp-payload-1024-clients-100,scale,guided-planning,udp,veh-73,veh-73,rsu-1,p5g-scale-udp-payload-1024-clients-100-veh-73-24,ipi-session-1,multiclient-scalability-run-4,veh-73,24,100-clients,default,stationary,unsynced,true,true,clients,100,count,IPI-CooperativeService,1101,1783019631080941129,1783019566346754089,1783019566346779639,1783019631164675166,83.734,,0.026,64817.896,"CooperativeService{guidedPlanning, status=request, vehicleId=0x7665682d3733, requestedHorizonMs=2500, confidence=100, planning.waypoints=1, offloadTaskId=udp-probe-24, offloadPayload=1024 bytes}"
5g-udp-sender,1783019631428636614,edge4av-real-20260702-multiclient-scalability-run-4,p5g-scale-udp-payload-1024-clients-100,scale,guided-planning,udp,veh-73,veh-73,rsu-1,p5g-scale-udp-payload-1024-clients-100-veh-73-25,ipi-session-1,multiclient-scalability-run-4,veh-73,25,100-clients,default,stationary,unsynced,true,true,clients,100,count,IPI-CooperativeService,1101,1783019631364872515,1783019566616452810,1783019566616502242,1783019631428636614,63.764,,0.049,64812.134,"CooperativeService{guidedPlanning, status=request, vehicleId=0x7665682d3733, requestedHorizonMs=2500, confidence=100, planning.waypoints=1, offloadTaskId=udp-probe-25, offloadPayload=1024 bytes}"
5g-udp-sender,1783019631736706608,edge4av-real-20260702-multiclient-scalability-run-4,p5g-scale-udp-payload-1024-clients-100,scale,guided-planning,udp,veh-73,veh-73,rsu-1,p5g-scale-udp-payload-1024-clients-100-veh-73-26,ipi-session-1,multiclient-scalability-run-4,veh-73,26,100-clients,default,stationary,unsynced,true,true,clients,100,count,IPI-CooperativeService,1101,1783019631628783375,1783019566917173702,1783019566917202712,1783019631736706608,107.923,,0.029,64819.504,"CooperativeService{guidedPlanning, status=request, vehicleId=0x7665682d3733, requestedHorizonMs=2500, confidence=100, planning.waypoints=1, offloadTaskId=udp-probe-26, offloadPayload=1024 bytes}"
5g-udp-sender,1783019632002784630,edge4av-real-20260702-multiclient-scalability-run-4,p5g-scale-udp-payload-1024-clients-100,scale,guided-planning,udp,veh-73,veh-73,rsu-1,p5g-scale-udp-payload-1024-clients-100-veh-73-27,ipi-session-1,multiclient-scalability-run-4,veh-73,27,100-clients,default,stationary,unsynced,true,true,clients,100,count,IPI-CooperativeService,1101,1783019631936859081,1783019567187297657,1783019567187347674,1783019632002784630,65.926,,0.050,64815.437,"CooperativeService{guidedPlanning, status=request, vehicleId=0x7665682d3733, requestedHorizonMs=2500, confidence=100, planning.waypoints=1, offloadTaskId=udp-probe-27, offloadPayload=1024 bytes}"
5g-udp-sender,1783019632264876089,edge4av-real-20260702-multiclient-scalability-run-4,p5g-scale-udp-payload-1024-clients-100,scale,guided-planning,udp,veh-73,veh-73,rsu-1,p5g-scale-udp-payload-1024-clients-100-veh-73-28,ipi-session-1,multiclient-scalability-run-4,veh-73,28,100-clients,default,stationary,unsynced,true,true,clients,100,count,IPI-CooperativeService,1101,1783019632202933488,1783019567448557599,1783019567448583577,1783019632264876089,61.943,,0.026,64816.293,"CooperativeService{guidedPlanning, status=request, vehicleId=0x7665682d3733, requestedHorizonMs=2500, confidence=100, planning.waypoints=1, offloadTaskId=udp-probe-28, offloadPayload=1024 bytes}"
5g-udp-sender,1783019632536839516,edge4av-real-20260702-multiclient-scalability-run-4,p5g-scale-udp-payload-1024-clients-100,scale,guided-planning,udp,veh-73,veh-73,rsu-1,p5g-scale-udp-payload-1024-clients-100-veh-73-29,ipi-session-1,multiclient-scalability-run-4,veh-73,29,100-clients,default,stationary,unsynced,true,true,clients,100,count,IPI-CooperativeService,1101,1783019632465026371,1783019567718978726,1783019567719001998,1783019632536839516,71.813,,0.023,64817.838,"CooperativeService{guidedPlanning, status=request, vehicleId=0x7665682d3733, requestedHorizonMs=2500, confidence=100, planning.waypoints=1, offloadTaskId=udp-probe-29, offloadPayload=1024 bytes}"
5g-udp-sender,1783019632771748567,edge4av-real-20260702-multiclient-scalability-run-4,p5g-scale-udp-payload-1024-clients-100,scale,guided-planning,udp,veh-73,veh-73,rsu-1,p5g-scale-udp-payload-1024-clients-100-veh-73-30,ipi-session-1,multiclient-scalability-run-4,veh-73,30,100-clients,default,stationary,unsynced,true,true,clients,100,count,IPI-CooperativeService,1101,1783019632737004635,1783019567958875224,1783019567958926305,1783019632771748567,34.744,,0.051,64812.822,"CooperativeService{guidedPlanning, status=request, vehicleId=0x7665682d3733, requestedHorizonMs=2500, confidence=100, planning.waypoints=1, offloadTaskId=udp-probe-30, offloadPayload=1024 bytes}"
5g-udp-sender,1783019633004744702,edge4av-real-20260702-multiclient-scalability-run-4,p5g-scale-udp-payload-1024-clients-100,scale,guided-planning,udp,veh-73,veh-73,rsu-1,p5g-scale-udp-payload-1024-clients-100-veh-73-31,ipi-session-1,multiclient-scalability-run-4,veh-73,31,100-clients,default,stationary,unsynced,true,true,clients,100,count,IPI-CooperativeService,1101,1783019632971946482,1783019568189491444,1783019568189518630,1783019633004744702,32.798,,0.027,64815.226,"CooperativeService{guidedPlanning, status=request, vehicleId=0x7665682d3733, requestedHorizonMs=2500, confidence=100, planning.waypoints=1, offloadTaskId=udp-probe-31, offloadPayload=1024 bytes}"
5g-udp-sender,1783019633242972761,edge4av-real-20260702-multiclient-scalability-run-4,p5g-scale-udp-payload-1024-clients-100,scale,guided-planning,udp,veh-73,veh-73,rsu-1,p5g-scale-udp-payload-1024-clients-100-veh-73-32,ipi-session-1,multiclient-scalability-run-4,veh-73,32,100-clients,default,stationary,unsynced,true,true,clients,100,count,IPI-CooperativeService,1101,1783019633204903593,1783019568429756590,1783019568429807739,1783019633242972761,38.069,,0.051,64813.165,"CooperativeService{guidedPlanning, status=request, vehicleId=0x7665682d3733, requestedHorizonMs=2500, confidence=100, planning.waypoints=1, offloadTaskId=udp-probe-32, offloadPayload=1024 bytes}"
5g-udp-sender,1783019633476663467,edge4av-real-20260702-multiclient-scalability-run-4,p5g-scale-udp-payload-1024-clients-100,scale,guided-planning,udp,veh-73,veh-73,rsu-1,p5g-scale-udp-payload-1024-clients-100-veh-73-33,ipi-session-1,multiclient-scalability-run-4,veh-73,33,100-clients,default,stationary,unsynced,true,true,clients,100,count,IPI-CooperativeService,1101,1783019633443122226,1783019568660705945,1783019568660732292,1783019633476663467,33.541,,0.026,64815.931,"CooperativeService{guidedPlanning, status=request, vehicleId=0x7665682d3733, requestedHorizonMs=2500, confidence=100, planning.waypoints=1, offloadTaskId=udp-probe-33, offloadPayload=1024 bytes}"
5g-udp-sender,1783019633706837416,edge4av-real-20260702-multiclient-scalability-run-4,p5g-scale-udp-payload-1024-clients-100,scale,guided-planning,udp,veh-73,veh-73,rsu-1,p5g-scale-udp-payload-1024-clients-100-veh-73-34,ipi-session-1,multiclient-scalability-run-4,veh-73,34,100-clients,default,stationary,unsynced,true,true,clients,100,count,IPI-CooperativeService,1101,1783019633676809621,1783019568890978778,1783019568891021476,1783019633706837416,30.028,,0.043,64815.816,"CooperativeService{guidedPlanning, status=request, vehicleId=0x7665682d3733, requestedHorizonMs=2500, confidence=100, planning.waypoints=1, offloadTaskId=udp-probe-34, offloadPayload=1024 bytes}"
5g-udp-sender,1783019633938769825,edge4av-real-20260702-multiclient-scalability-run-4,p5g-scale-udp-payload-1024-clients-100,scale,guided-planning,udp,veh-73,veh-73,rsu-1,p5g-scale-udp-payload-1024-clients-100-veh-73-35,ipi-session-1,multiclient-scalability-run-4,veh-73,35,100-clients,default,stationary,unsynced,true,true,clients,100,count,IPI-CooperativeService,1101,1783019633907020581,1783019569120973738,1783019569121000711,1783019633938769825,31.749,,0.027,64817.769,"CooperativeService{guidedPlanning, status=request, vehicleId=0x7665682d3733, requestedHorizonMs=2500, confidence=100, planning.waypoints=1, offloadTaskId=udp-probe-35, offloadPayload=1024 bytes}"
5g-udp-sender,1783019634194703771,edge4av-real-20260702-multiclient-scalability-run-4,p5g-scale-udp-payload-1024-clients-100,scale,guided-planning,udp,veh-73,veh-73,rsu-1,p5g-scale-udp-payload-1024-clients-100-veh-73-36,ipi-session-1,multiclient-scalability-run-4,veh-73,36,100-clients,default,stationary,unsynced,true,true,clients,100,count,IPI-CooperativeService,1101,1783019634138965230,1783019569381655082,1783019569381678357,1783019634194703771,55.739,,0.023,64813.025,"CooperativeService{guidedPlanning, status=request, vehicleId=0x7665682d3733, requestedHorizonMs=2500, confidence=100, planning.waypoints=1, offloadTaskId=udp-probe-36, offloadPayload=1024 bytes}"
5g-udp-sender,1783019634428733306,edge4av-real-20260702-multiclient-scalability-run-4,p5g-scale-udp-payload-1024-clients-100,scale,guided-planning,udp,veh-73,veh-73,rsu-1,p5g-scale-udp-payload-1024-clients-100-veh-73-37,ipi-session-1,multiclient-scalability-run-4,veh-73,37,100-clients,default,stationary,unsynced,true,true,clients,100,count,IPI-CooperativeService,1101,1783019634394945593,1783019569612212346,1783019569612234116,1783019634428733306,33.788,,0.022,64816.499,"CooperativeService{guidedPlanning, status=request, vehicleId=0x7665682d3733, requestedHorizonMs=2500, confidence=100, planning.waypoints=1, offloadTaskId=udp-probe-37, offloadPayload=1024 bytes}"
5g-udp-sender,1783019634670821736,edge4av-real-20260702-multiclient-scalability-run-4,p5g-scale-udp-payload-1024-clients-100,scale,guided-planning,udp,veh-73,veh-73,rsu-1,p5g-scale-udp-payload-1024-clients-100-veh-73-38,ipi-session-1,multiclient-scalability-run-4,veh-73,38,100-clients,default,stationary,unsynced,true,true,clients,100,count,IPI-CooperativeService,1101,1783019634628926201,1783019569852358049,1783019569852381635,1783019634670821736,41.896,,0.024,64818.440,"CooperativeService{guidedPlanning, status=request, vehicleId=0x7665682d3733, requestedHorizonMs=2500, confidence=100, planning.waypoints=1, offloadTaskId=udp-probe-38, offloadPayload=1024 bytes}"
5g-udp-sender,1783019634926723878,edge4av-real-20260702-multiclient-scalability-run-4,p5g-scale-udp-payload-1024-clients-100,scale,guided-planning,udp,veh-73,veh-73,rsu-1,p5g-scale-udp-payload-1024-clients-100-veh-73-39,ipi-session-1,multiclient-scalability-run-4,veh-73,39,100-clients,default,stationary,unsynced,true,true,clients,100,count,IPI-CooperativeService,1101,1783019634870974353,1783019570102719374,1783019570102747861,1783019634926723878,55.750,,0.028,64823.976,"CooperativeService{guidedPlanning, status=request, vehicleId=0x7665682d3733, requestedHorizonMs=2500, confidence=100, planning.waypoints=1, offloadTaskId=udp-probe-39, offloadPayload=1024 bytes}"
5g-udp-sender,1783019635208725193,edge4av-real-20260702-multiclient-scalability-run-4,p5g-scale-udp-payload-1024-clients-100,scale,guided-planning,udp,veh-73,veh-73,rsu-1,p5g-scale-udp-payload-1024-clients-100-veh-73-40,ipi-session-1,multiclient-scalability-run-4,veh-73,40,100-clients,default,stationary,unsynced,true,true,clients,100,count,IPI-CooperativeService,1101,1783019635126869958,1783019570393243858,1783019570393270914,1783019635208725193,81.855,,0.027,64815.454,"CooperativeService{guidedPlanning, status=request, vehicleId=0x7665682d3733, requestedHorizonMs=2500, confidence=100, planning.waypoints=1, offloadTaskId=udp-probe-40, offloadPayload=1024 bytes}"
5g-udp-sender,1783019635468687467,edge4av-real-20260702-multiclient-scalability-run-4,p5g-scale-udp-payload-1024-clients-100,scale,guided-planning,udp,veh-73,veh-73,rsu-1,p5g-scale-udp-payload-1024-clients-100-veh-73-41,ipi-session-1,multiclient-scalability-run-4,veh-73,41,100-clients,default,stationary,unsynced,true,true,clients,100,count,IPI-CooperativeService,1101,1783019635408876500,1783019570653935596,1783019570653957728,1783019635468687467,59.811,,0.022,64814.730,"CooperativeService{guidedPlanning, status=request, vehicleId=0x7665682d3733, requestedHorizonMs=2500, confidence=100, planning.waypoints=1, offloadTaskId=udp-probe-41, offloadPayload=1024 bytes}"
5g-udp-sender,1783019635732809604,edge4av-real-20260702-multiclient-scalability-run-4,p5g-scale-udp-payload-1024-clients-100,scale,guided-planning,udp,veh-73,veh-73,rsu-1,p5g-scale-udp-payload-1024-clients-100-veh-73-42,ipi-session-1,multiclient-scalability-run-4,veh-73,42,100-clients,default,stationary,unsynced,true,true,clients,100,count,IPI-CooperativeService,1101,1783019635668840317,1783019570914343834,1783019570914365654,1783019635732809604,63.969,,0.022,64818.444,"CooperativeService{guidedPlanning, status=request, vehicleId=0x7665682d3733, requestedHorizonMs=2500, confidence=100, planning.waypoints=1, offloadTaskId=udp-probe-42, offloadPayload=1024 bytes}"
5g-udp-sender,1783019635982776635,edge4av-real-20260702-multiclient-scalability-run-4,p5g-scale-udp-payload-1024-clients-100,scale,guided-planning,udp,veh-73,veh-73,rsu-1,p5g-scale-udp-payload-1024-clients-100-veh-73-43,ipi-session-1,multiclient-scalability-run-4,veh-73,43,100-clients,default,stationary,unsynced,true,true,clients,100,count,IPI-CooperativeService,1101,1783019635932959831,1783019571164383570,1783019571164409767,1783019635982776635,49.817,,0.026,64818.367,"CooperativeService{guidedPlanning, status=request, vehicleId=0x7665682d3733, requestedHorizonMs=2500, confidence=100, planning.waypoints=1, offloadTaskId=udp-probe-43, offloadPayload=1024 bytes}"
5g-udp-sender,1783019636226945688,edge4av-real-20260702-multiclient-scalability-run-4,p5g-scale-udp-payload-1024-clients-100,scale,guided-planning,udp,veh-73,veh-73,rsu-1,p5g-scale-udp-payload-1024-clients-100-veh-73-44,ipi-session-1,multiclient-scalability-run-4,veh-73,44,100-clients,default,stationary,unsynced,true,true,clients,100,count,IPI-CooperativeService,1101,1783019636182964876,1783019571414773981,1783019571414824001,1783019636226945688,43.981,,0.050,64812.122,"CooperativeService{guidedPlanning, status=request, vehicleId=0x7665682d3733, requestedHorizonMs=2500, confidence=100, planning.waypoints=1, offloadTaskId=udp-probe-44, offloadPayload=1024 bytes}"
5g-udp-sender,1783019636484818297,edge4av-real-20260702-multiclient-scalability-run-4,p5g-scale-udp-payload-1024-clients-100,scale,guided-planning,udp,veh-73,veh-73,rsu-1,p5g-scale-udp-payload-1024-clients-100-veh-73-45,ipi-session-1,multiclient-scalability-run-4,veh-73,45,100-clients,default,stationary,unsynced,true,true,clients,100,count,IPI-CooperativeService,1101,1783019636427097264,1783019571665323613,1783019571665350836,1783019636484818297,57.721,,0.027,64819.467,"CooperativeService{guidedPlanning, status=request, vehicleId=0x7665682d3733, requestedHorizonMs=2500, confidence=100, planning.waypoints=1, offloadTaskId=udp-probe-45, offloadPayload=1024 bytes}"
5g-udp-sender,1783019636742814718,edge4av-real-20260702-multiclient-scalability-run-4,p5g-scale-udp-payload-1024-clients-100,scale,guided-planning,udp,veh-73,veh-73,rsu-1,p5g-scale-udp-payload-1024-clients-100-veh-73-46,ipi-session-1,multiclient-scalability-run-4,veh-73,46,100-clients,default,stationary,unsynced,true,true,clients,100,count,IPI-CooperativeService,1101,1783019636684977064,1783019571925909747,1783019571925932599,1783019636742814718,57.838,,0.023,64816.882,"CooperativeService{guidedPlanning, status=request, vehicleId=0x7665682d3733, requestedHorizonMs=2500, confidence=100, planning.waypoints=1, offloadTaskId=udp-probe-46, offloadPayload=1024 bytes}"
5g-udp-sender,1783019637032873703,edge4av-real-20260702-multiclient-scalability-run-4,p5g-scale-udp-payload-1024-clients-100,scale,guided-planning,udp,veh-73,veh-73,rsu-1,p5g-scale-udp-payload-1024-clients-100-veh-73-47,ipi-session-1,multiclient-scalability-run-4,veh-73,47,100-clients,default,stationary,unsynced,true,true,clients,100,count,IPI-CooperativeService,1101,1783019636942968728,1783019572216256092,1783019572216279033,1783019637032873703,89.905,,0.023,64816.595,"CooperativeService{guidedPlanning, status=request, vehicleId=0x7665682d3733, requestedHorizonMs=2500, confidence=100, planning.waypoints=1, offloadTaskId=udp-probe-47, offloadPayload=1024 bytes}"
5g-udp-sender,1783019637304881025,edge4av-real-20260702-multiclient-scalability-run-4,p5g-scale-udp-payload-1024-clients-100,scale,guided-planning,udp,veh-73,veh-73,rsu-1,p5g-scale-udp-payload-1024-clients-100-veh-73-48,ipi-session-1,multiclient-scalability-run-4,veh-73,48,100-clients,default,stationary,unsynced,true,true,clients,100,count,IPI-CooperativeService,1101,1783019637233026056,1783019572486809393,1783019572486832874,1783019637304881025,71.855,,0.023,64818.048,"CooperativeService{guidedPlanning, status=request, vehicleId=0x7665682d3733, requestedHorizonMs=2500, confidence=100, planning.waypoints=1, offloadTaskId=udp-probe-48, offloadPayload=1024 bytes}"
5g-udp-sender,1783019637552756905,edge4av-real-20260702-multiclient-scalability-run-4,p5g-scale-udp-payload-1024-clients-100,scale,guided-planning,udp,veh-73,veh-73,rsu-1,p5g-scale-udp-payload-1024-clients-100-veh-73-49,ipi-session-1,multiclient-scalability-run-4,veh-73,49,100-clients,default,stationary,unsynced,true,true,clients,100,count,IPI-CooperativeService,1101,1783019637505031414,1783019572737346041,1783019572737368655,1783019637552756905,47.725,,0.023,64815.388,"CooperativeService{guidedPlanning, status=request, vehicleId=0x7665682d3733, requestedHorizonMs=2500, confidence=100, planning.waypoints=1, offloadTaskId=udp-probe-49, offloadPayload=1024 bytes}"
5g-udp-sender,1783019637806738716,edge4av-real-20260702-multiclient-scalability-run-4,p5g-scale-udp-payload-1024-clients-100,scale,guided-planning,udp,veh-73,veh-73,rsu-1,p5g-scale-udp-payload-1024-clients-100-veh-73-50,ipi-session-1,multiclient-scalability-run-4,veh-73,50,100-clients,default,stationary,unsynced,true,true,clients,100,count,IPI-CooperativeService,1101,1783019637752943531,1783019572987866752,1783019572987888953,1783019637806738716,53.795,,0.022,64818.850,"CooperativeService{guidedPlanning, status=request, vehicleId=0x7665682d3733, requestedHorizonMs=2500, confidence=100, planning.waypoints=1, offloadTaskId=udp-probe-50, offloadPayload=1024 bytes}"
5g-udp-sender,1783019638088901005,edge4av-real-20260702-multiclient-scalability-run-4,p5g-scale-udp-payload-1024-clients-100,scale,guided-planning,udp,veh-73,veh-73,rsu-1,p5g-scale-udp-payload-1024-clients-100-veh-73-51,ipi-session-1,multiclient-scalability-run-4,veh-73,51,100-clients,default,stationary,unsynced,true,true,clients,100,count,IPI-CooperativeService,1101,1783019638006894599,1783019573277706534,1783019573277757356,1783019638088901005,82.006,,0.051,64811.144,"CooperativeService{guidedPlanning, status=request, vehicleId=0x7665682d3733, requestedHorizonMs=2500, confidence=100, planning.waypoints=1, offloadTaskId=udp-probe-51, offloadPayload=1024 bytes}"
5g-udp-sender,1783019638346751597,edge4av-real-20260702-multiclient-scalability-run-4,p5g-scale-udp-payload-1024-clients-100,scale,guided-planning,udp,veh-73,veh-73,rsu-1,p5g-scale-udp-payload-1024-clients-100-veh-73-52,ipi-session-1,multiclient-scalability-run-4,veh-73,52,100-clients,default,stationary,unsynced,true,true,clients,100,count,IPI-CooperativeService,1101,1783019638289048268,1783019573528514699,1783019573528540283,1783019638346751597,57.703,,0.026,64818.211,"CooperativeService{guidedPlanning, status=request, vehicleId=0x7665682d3733, requestedHorizonMs=2500, confidence=100, planning.waypoints=1, offloadTaskId=udp-probe-52, offloadPayload=1024 bytes}"
5g-udp-sender,1783019638596884971,edge4av-real-20260702-multiclient-scalability-run-4,p5g-scale-udp-payload-1024-clients-100,scale,guided-planning,udp,veh-73,veh-73,rsu-1,p5g-scale-udp-payload-1024-clients-100-veh-73-53,ipi-session-1,multiclient-scalability-run-4,veh-73,53,100-clients,default,stationary,unsynced,true,true,clients,100,count,IPI-CooperativeService,1101,1783019638546895345,1783019573778827464,1783019573778874861,1783019638596884971,49.990,,0.047,64818.010,"CooperativeService{guidedPlanning, status=request, vehicleId=0x7665682d3733, requestedHorizonMs=2500, confidence=100, planning.waypoints=1, offloadTaskId=udp-probe-53, offloadPayload=1024 bytes}"
5g-udp-sender,1783019638828820392,edge4av-real-20260702-multiclient-scalability-run-4,p5g-scale-udp-payload-1024-clients-100,scale,guided-planning,udp,veh-73,veh-73,rsu-1,p5g-scale-udp-payload-1024-clients-100-veh-73-54,ipi-session-1,multiclient-scalability-run-4,veh-73,54,100-clients,default,stationary,unsynced,true,true,clients,100,count,IPI-CooperativeService,1101,1783019638797030904,1783019574009259430,1783019574009283527,1783019638828820392,31.789,,0.024,64819.537,"CooperativeService{guidedPlanning, status=request, vehicleId=0x7665682d3733, requestedHorizonMs=2500, confidence=100, planning.waypoints=1, offloadTaskId=udp-probe-54, offloadPayload=1024 bytes}"
5g-udp-sender,1783019639076863576,edge4av-real-20260702-multiclient-scalability-run-4,p5g-scale-udp-payload-1024-clients-100,scale,guided-planning,udp,veh-73,veh-73,rsu-1,p5g-scale-udp-payload-1024-clients-100-veh-73-55,ipi-session-1,multiclient-scalability-run-4,veh-73,55,100-clients,default,stationary,unsynced,true,true,clients,100,count,IPI-CooperativeService,1101,1783019639028968124,1783019574249425794,1783019574249453752,1783019639076863576,47.895,,0.028,64827.410,"CooperativeService{guidedPlanning, status=request, vehicleId=0x7665682d3733, requestedHorizonMs=2500, confidence=100, planning.waypoints=1, offloadTaskId=udp-probe-55, offloadPayload=1024 bytes}"
5g-udp-sender,1783019639316843713,edge4av-real-20260702-multiclient-scalability-run-4,p5g-scale-udp-payload-1024-clients-100,scale,guided-planning,udp,veh-73,veh-73,rsu-1,p5g-scale-udp-payload-1024-clients-100-veh-73-56,ipi-session-1,multiclient-scalability-run-4,veh-73,56,100-clients,default,stationary,unsynced,true,true,clients,100,count,IPI-CooperativeService,1101,1783019639277043365,1783019574500012724,1783019574500041357,1783019639316843713,39.800,,0.029,64816.802,"CooperativeService{guidedPlanning, status=request, vehicleId=0x7665682d3733, requestedHorizonMs=2500, confidence=100, planning.waypoints=1, offloadTaskId=udp-probe-56, offloadPayload=1024 bytes}"
5g-udp-sender,1783019639546850383,edge4av-real-20260702-multiclient-scalability-run-4,p5g-scale-udp-payload-1024-clients-100,scale,guided-planning,udp,veh-73,veh-73,rsu-1,p5g-scale-udp-payload-1024-clients-100-veh-73-57,ipi-session-1,multiclient-scalability-run-4,veh-73,57,100-clients,default,stationary,unsynced,true,true,clients,100,count,IPI-CooperativeService,1101,1783019639516991637,1783019574730607530,1783019574730633763,1783019639546850383,29.859,,0.026,64816.217,"CooperativeService{guidedPlanning, status=request, vehicleId=0x7665682d3733, requestedHorizonMs=2500, confidence=100, planning.waypoints=1, offloadTaskId=udp-probe-57, offloadPayload=1024 bytes}"
5g-udp-sender,1783019639850730615,edge4av-real-20260702-multiclient-scalability-run-4,p5g-scale-udp-payload-1024-clients-100,scale,guided-planning,udp,veh-73,veh-73,rsu-1,p5g-scale-udp-payload-1024-clients-100-veh-73-58,ipi-session-1,multiclient-scalability-run-4,veh-73,58,100-clients,default,stationary,unsynced,true,true,clients,100,count,IPI-CooperativeService,1101,1783019639746996992,1783019574990543480,1783019574990593755,1783019639850730615,103.734,,0.050,64860.137,"CooperativeService{guidedPlanning, status=request, vehicleId=0x7665682d3733, requestedHorizonMs=2500, confidence=100, planning.waypoints=1, offloadTaskId=udp-probe-58, offloadPayload=1024 bytes}"
5g-udp-sender,1783019640086696004,edge4av-real-20260702-multiclient-scalability-run-4,p5g-scale-udp-payload-1024-clients-100,scale,guided-planning,udp,veh-73,veh-73,rsu-1,p5g-scale-udp-payload-1024-clients-100-veh-73-59,ipi-session-1,multiclient-scalability-run-4,veh-73,59,100-clients,default,stationary,unsynced,true,true,clients,100,count,IPI-CooperativeService,1101,1783019640050877294,1783019575271204376,1783019575271233825,1783019640086696004,35.819,,0.029,64815.462,"CooperativeService{guidedPlanning, status=request, vehicleId=0x7665682d3733, requestedHorizonMs=2500, confidence=100, planning.waypoints=1, offloadTaskId=udp-probe-59, offloadPayload=1024 bytes}"
5g-udp-sender,1783019640324749162,edge4av-real-20260702-multiclient-scalability-run-4,p5g-scale-udp-payload-1024-clients-100,scale,guided-planning,udp,veh-73,veh-73,rsu-1,p5g-scale-udp-payload-1024-clients-100-veh-73-60,ipi-session-1,multiclient-scalability-run-4,veh-73,60,100-clients,default,stationary,unsynced,true,true,clients,100,count,IPI-CooperativeService,1101,1783019640286844678,1783019575511303496,1783019575511353568,1783019640324749162,37.904,,0.050,64813.396,"CooperativeService{guidedPlanning, status=request, vehicleId=0x7665682d3733, requestedHorizonMs=2500, confidence=100, planning.waypoints=1, offloadTaskId=udp-probe-60, offloadPayload=1024 bytes}"
5g-udp-sender,1783019640568771126,edge4av-real-20260702-multiclient-scalability-run-4,p5g-scale-udp-payload-1024-clients-100,scale,guided-planning,udp,veh-73,veh-73,rsu-1,p5g-scale-udp-payload-1024-clients-100-veh-73-61,ipi-session-1,multiclient-scalability-run-4,veh-73,61,100-clients,default,stationary,unsynced,true,true,clients,100,count,IPI-CooperativeService,1101,1783019640524895999,1783019575752305272,1783019575752327853,1783019640568771126,43.875,,0.023,64816.443,"CooperativeService{guidedPlanning, status=request, vehicleId=0x7665682d3733, requestedHorizonMs=2500, confidence=100, planning.waypoints=1, offloadTaskId=udp-probe-61, offloadPayload=1024 bytes}"
5g-udp-sender,1783019640804016016,edge4av-real-20260702-multiclient-scalability-run-4,p5g-scale-udp-payload-1024-clients-100,scale,guided-planning,udp,veh-73,veh-73,rsu-1,p5g-scale-udp-payload-1024-clients-100-veh-73-62,ipi-session-1,multiclient-scalability-run-4,veh-73,62,100-clients,default,stationary,unsynced,true,true,clients,100,count,IPI-CooperativeService,1101,1783019640768948664,1783019575992005585,1783019575992055752,1783019640804016016,35.067,,0.050,64811.960,"CooperativeService{guidedPlanning, status=request, vehicleId=0x7665682d3733, requestedHorizonMs=2500, confidence=100, planning.waypoints=1, offloadTaskId=udp-probe-62, offloadPayload=1024 bytes}"
5g-udp-sender,1783019641064310271,edge4av-real-20260702-multiclient-scalability-run-4,p5g-scale-udp-payload-1024-clients-100,scale,guided-planning,udp,veh-73,veh-73,rsu-1,p5g-scale-udp-payload-1024-clients-100-veh-73-63,ipi-session-1,multiclient-scalability-run-4,veh-73,63,100-clients,default,stationary,unsynced,true,true,clients,100,count,IPI-CooperativeService,1101,1783019641004165630,1783019576252537750,1783019576252588195,1783019641064310271,60.145,,0.050,64811.722,"CooperativeService{guidedPlanning, status=request, vehicleId=0x7665682d3733, requestedHorizonMs=2500, confidence=100, planning.waypoints=1, offloadTaskId=udp-probe-63, offloadPayload=1024 bytes}"
5g-udp-sender,1783019641292753743,edge4av-real-20260702-multiclient-scalability-run-4,p5g-scale-udp-payload-1024-clients-100,scale,guided-planning,udp,veh-73,veh-73,rsu-1,p5g-scale-udp-payload-1024-clients-100-veh-73-64,ipi-session-1,multiclient-scalability-run-4,veh-73,64,100-clients,default,stationary,unsynced,true,true,clients,100,count,IPI-CooperativeService,1101,1783019641264498412,1783019576473583127,1783019576473610986,1783019641292753743,28.255,,0.028,64819.143,"CooperativeService{guidedPlanning, status=request, vehicleId=0x7665682d3733, requestedHorizonMs=2500, confidence=100, planning.waypoints=1, offloadTaskId=udp-probe-64, offloadPayload=1024 bytes}"
5g-udp-sender,1783019641532748722,edge4av-real-20260702-multiclient-scalability-run-4,p5g-scale-udp-payload-1024-clients-100,scale,guided-planning,udp,veh-73,veh-73,rsu-1,p5g-scale-udp-payload-1024-clients-100-veh-73-65,ipi-session-1,multiclient-scalability-run-4,veh-73,65,100-clients,default,stationary,unsynced,true,true,clients,100,count,IPI-CooperativeService,1101,1783019641492904767,1783019576713340742,1783019576713391018,1783019641532748722,39.844,,0.050,64819.358,"CooperativeService{guidedPlanning, status=request, vehicleId=0x7665682d3733, requestedHorizonMs=2500, confidence=100, planning.waypoints=1, offloadTaskId=udp-probe-65, offloadPayload=1024 bytes}"
5g-udp-sender,1783019641768874324,edge4av-real-20260702-multiclient-scalability-run-4,p5g-scale-udp-payload-1024-clients-100,scale,guided-planning,udp,veh-73,veh-73,rsu-1,p5g-scale-udp-payload-1024-clients-100-veh-73-66,ipi-session-1,multiclient-scalability-run-4,veh-73,66,100-clients,default,stationary,unsynced,true,true,clients,100,count,IPI-CooperativeService,1101,1783019641732930876,1783019576954153938,1783019576954179730,1783019641768874324,35.943,,0.026,64814.695,"CooperativeService{guidedPlanning, status=request, vehicleId=0x7665682d3733, requestedHorizonMs=2500, confidence=100, planning.waypoints=1, offloadTaskId=udp-probe-66, offloadPayload=1024 bytes}"
5g-udp-sender,1783019642012717710,edge4av-real-20260702-multiclient-scalability-run-4,p5g-scale-udp-payload-1024-clients-100,scale,guided-planning,udp,veh-73,veh-73,rsu-1,p5g-scale-udp-payload-1024-clients-100-veh-73-67,ipi-session-1,multiclient-scalability-run-4,veh-73,67,100-clients,default,stationary,unsynced,true,true,clients,100,count,IPI-CooperativeService,1101,1783019641969084522,1783019577194751196,1783019577194796575,1783019642012717710,43.633,,0.045,64817.921,"CooperativeService{guidedPlanning, status=request, vehicleId=0x7665682d3733, requestedHorizonMs=2500, confidence=100, planning.waypoints=1, offloadTaskId=udp-probe-67, offloadPayload=1024 bytes}"
5g-udp-sender,1783019642238877973,edge4av-real-20260702-multiclient-scalability-run-4,p5g-scale-udp-payload-1024-clients-100,scale,guided-planning,udp,veh-73,veh-73,rsu-1,p5g-scale-udp-payload-1024-clients-100-veh-73-68,ipi-session-1,multiclient-scalability-run-4,veh-73,68,100-clients,default,stationary,unsynced,true,true,clients,100,count,IPI-CooperativeService,1101,1783019642212999179,1783019577425271558,1783019577425297134,1783019642238877973,25.879,,0.026,64813.581,"CooperativeService{guidedPlanning, status=request, vehicleId=0x7665682d3733, requestedHorizonMs=2500, confidence=100, planning.waypoints=1, offloadTaskId=udp-probe-68, offloadPayload=1024 bytes}"
5g-udp-sender,1783019642522793655,edge4av-real-20260702-multiclient-scalability-run-4,p5g-scale-udp-payload-1024-clients-100,scale,guided-planning,udp,veh-73,veh-73,rsu-1,p5g-scale-udp-payload-1024-clients-100-veh-73-69,ipi-session-1,multiclient-scalability-run-4,veh-73,69,100-clients,default,stationary,unsynced,true,true,clients,100,count,IPI-CooperativeService,1101,1783019642439064111,1783019577705222123,1783019577705251533,1783019642522793655,83.730,,0.029,64817.542,"CooperativeService{guidedPlanning, status=request, vehicleId=0x7665682d3733, requestedHorizonMs=2500, confidence=100, planning.waypoints=1, offloadTaskId=udp-probe-69, offloadPayload=1024 bytes}"
5g-udp-sender,1783019642758961911,edge4av-real-20260702-multiclient-scalability-run-4,p5g-scale-udp-payload-1024-clients-100,scale,guided-planning,udp,veh-73,veh-73,rsu-1,p5g-scale-udp-payload-1024-clients-100-veh-73-70,ipi-session-1,multiclient-scalability-run-4,veh-73,70,100-clients,default,stationary,unsynced,true,true,clients,100,count,IPI-CooperativeService,1101,1783019642722988426,1783019577946040810,1783019577946063200,1783019642758961911,35.973,,0.022,64812.899,"CooperativeService{guidedPlanning, status=request, vehicleId=0x7665682d3733, requestedHorizonMs=2500, confidence=100, planning.waypoints=1, offloadTaskId=udp-probe-70, offloadPayload=1024 bytes}"
5g-udp-sender,1783019642990898439,edge4av-real-20260702-multiclient-scalability-run-4,p5g-scale-udp-payload-1024-clients-100,scale,guided-planning,udp,veh-73,veh-73,rsu-1,p5g-scale-udp-payload-1024-clients-100-veh-73-71,ipi-session-1,multiclient-scalability-run-4,veh-73,71,100-clients,default,stationary,unsynced,true,true,clients,100,count,IPI-CooperativeService,1101,1783019642959112885,1783019578176286050,1783019578176308034,1783019642990898439,31.786,,0.022,64814.590,"CooperativeService{guidedPlanning, status=request, vehicleId=0x7665682d3733, requestedHorizonMs=2500, confidence=100, planning.waypoints=1, offloadTaskId=udp-probe-71, offloadPayload=1024 bytes}"
5g-udp-sender,1783019643238890764,edge4av-real-20260702-multiclient-scalability-run-4,p5g-scale-udp-payload-1024-clients-100,scale,guided-planning,udp,veh-73,veh-73,rsu-1,p5g-scale-udp-payload-1024-clients-100-veh-73-72,ipi-session-1,multiclient-scalability-run-4,veh-73,72,100-clients,default,stationary,unsynced,true,true,clients,100,count,IPI-CooperativeService,1101,1783019643191041172,1783019578426087830,1783019578426138278,1783019643238890764,47.850,,0.050,64812.752,"CooperativeService{guidedPlanning, status=request, vehicleId=0x7665682d3733, requestedHorizonMs=2500, confidence=100, planning.waypoints=1, offloadTaskId=udp-probe-72, offloadPayload=1024 bytes}"
5g-udp-sender,1783019643472765783,edge4av-real-20260702-multiclient-scalability-run-4,p5g-scale-udp-payload-1024-clients-100,scale,guided-planning,udp,veh-73,veh-73,rsu-1,p5g-scale-udp-payload-1024-clients-100-veh-73-73,ipi-session-1,multiclient-scalability-run-4,veh-73,73,100-clients,default,stationary,unsynced,true,true,clients,100,count,IPI-CooperativeService,1101,1783019643439042204,1783019578656889463,1783019578656913203,1783019643472765783,33.724,,0.024,64815.853,"CooperativeService{guidedPlanning, status=request, vehicleId=0x7665682d3733, requestedHorizonMs=2500, confidence=100, planning.waypoints=1, offloadTaskId=udp-probe-73, offloadPayload=1024 bytes}"
5g-udp-sender,1783019643736724624,edge4av-real-20260702-multiclient-scalability-run-4,p5g-scale-udp-payload-1024-clients-100,scale,guided-planning,udp,veh-73,veh-73,rsu-1,p5g-scale-udp-payload-1024-clients-100-veh-73-74,ipi-session-1,multiclient-scalability-run-4,veh-73,74,100-clients,default,stationary,unsynced,true,true,clients,100,count,IPI-CooperativeService,1101,1783019643672955834,1783019578917390011,1783019578917435192,1783019643736724624,63.769,,0.045,64819.289,"CooperativeService{guidedPlanning, status=request, vehicleId=0x7665682d3733, requestedHorizonMs=2500, confidence=100, planning.waypoints=1, offloadTaskId=udp-probe-74, offloadPayload=1024 bytes}"
5g-udp-sender,1783019643974787473,edge4av-real-20260702-multiclient-scalability-run-4,p5g-scale-udp-payload-1024-clients-100,scale,guided-planning,udp,veh-73,veh-73,rsu-1,p5g-scale-udp-payload-1024-clients-100-veh-73-75,ipi-session-1,multiclient-scalability-run-4,veh-73,75,100-clients,default,stationary,unsynced,true,true,clients,100,count,IPI-CooperativeService,1101,1783019643936877504,1783019579157715882,1783019579157739123,1783019643974787473,37.910,,0.023,64817.048,"CooperativeService{guidedPlanning, status=request, vehicleId=0x7665682d3733, requestedHorizonMs=2500, confidence=100, planning.waypoints=1, offloadTaskId=udp-probe-75, offloadPayload=1024 bytes}"
5g-udp-sender,1783019644202887484,edge4av-real-20260702-multiclient-scalability-run-4,p5g-scale-udp-payload-1024-clients-100,scale,guided-planning,udp,veh-73,veh-73,rsu-1,p5g-scale-udp-payload-1024-clients-100-veh-73-76,ipi-session-1,multiclient-scalability-run-4,veh-73,76,100-clients,default,stationary,unsynced,true,true,clients,100,count,IPI-CooperativeService,1101,1783019644174937233,1783019579388404003,1783019579388426163,1783019644202887484,27.950,,0.022,64814.461,"CooperativeService{guidedPlanning, status=request, vehicleId=0x7665682d3733, requestedHorizonMs=2500, confidence=100, planning.waypoints=1, offloadTaskId=udp-probe-76, offloadPayload=1024 bytes}"
5g-udp-sender,1783019644442853854,edge4av-real-20260702-multiclient-scalability-run-4,p5g-scale-udp-payload-1024-clients-100,scale,guided-planning,udp,veh-73,veh-73,rsu-1,p5g-scale-udp-payload-1024-clients-100-veh-73-77,ipi-session-1,multiclient-scalability-run-4,veh-73,77,100-clients,default,stationary,unsynced,true,true,clients,100,count,IPI-CooperativeService,1101,1783019644403035777,1783019579628229720,1783019579628256584,1783019644442853854,39.818,,0.027,64814.597,"CooperativeService{guidedPlanning, status=request, vehicleId=0x7665682d3733, requestedHorizonMs=2500, confidence=100, planning.waypoints=1, offloadTaskId=udp-probe-77, offloadPayload=1024 bytes}"
5g-udp-sender,1783019644676888605,edge4av-real-20260702-multiclient-scalability-run-4,p5g-scale-udp-payload-1024-clients-100,scale,guided-planning,udp,veh-73,veh-73,rsu-1,p5g-scale-udp-payload-1024-clients-100-veh-73-78,ipi-session-1,multiclient-scalability-run-4,veh-73,78,100-clients,default,stationary,unsynced,true,true,clients,100,count,IPI-CooperativeService,1101,1783019644643002671,1783019579859096119,1783019579859123001,1783019644676888605,33.886,,0.027,64817.766,"CooperativeService{guidedPlanning, status=request, vehicleId=0x7665682d3733, requestedHorizonMs=2500, confidence=100, planning.waypoints=1, offloadTaskId=udp-probe-78, offloadPayload=1024 bytes}"
5g-udp-sender,1783019644931918578,edge4av-real-20260702-multiclient-scalability-run-4,p5g-scale-udp-payload-1024-clients-100,scale,guided-planning,udp,veh-73,veh-73,rsu-1,p5g-scale-udp-payload-1024-clients-100-veh-73-79,ipi-session-1,multiclient-scalability-run-4,veh-73,79,100-clients,default,stationary,unsynced,true,true,clients,100,count,IPI-CooperativeService,1101,1783019644877039288,1783019580119109605,1783019580119159533,1783019644931918578,54.879,,0.050,64812.759,"CooperativeService{guidedPlanning, status=request, vehicleId=0x7665682d3733, requestedHorizonMs=2500, confidence=100, planning.waypoints=1, offloadTaskId=udp-probe-79, offloadPayload=1024 bytes}"
5g-udp-sender,1783019645178734979,edge4av-real-20260702-multiclient-scalability-run-4,p5g-scale-udp-payload-1024-clients-100,scale,guided-planning,udp,veh-73,veh-73,rsu-1,p5g-scale-udp-payload-1024-clients-100-veh-73-80,ipi-session-1,multiclient-scalability-run-4,veh-73,80,100-clients,default,stationary,unsynced,true,true,clients,100,count,IPI-CooperativeService,1101,1783019645132099111,1783019580359835144,1783019580359864002,1783019645178734979,46.636,,0.029,64818.871,"CooperativeService{guidedPlanning, status=request, vehicleId=0x7665682d3733, requestedHorizonMs=2500, confidence=100, planning.waypoints=1, offloadTaskId=udp-probe-80, offloadPayload=1024 bytes}"
5g-udp-sender,1783019645418727372,edge4av-real-20260702-multiclient-scalability-run-4,p5g-scale-udp-payload-1024-clients-100,scale,guided-planning,udp,veh-73,veh-73,rsu-1,p5g-scale-udp-payload-1024-clients-100-veh-73-81,ipi-session-1,multiclient-scalability-run-4,veh-73,81,100-clients,default,stationary,unsynced,true,true,clients,100,count,IPI-CooperativeService,1101,1783019645378883548,1783019580600129180,1783019580600156592,1783019645418727372,39.844,,0.027,64818.571,"CooperativeService{guidedPlanning, status=request, vehicleId=0x7665682d3733, requestedHorizonMs=2500, confidence=100, planning.waypoints=1, offloadTaskId=udp-probe-81, offloadPayload=1024 bytes}"
5g-udp-sender,1783019645648731274,edge4av-real-20260702-multiclient-scalability-run-4,p5g-scale-udp-payload-1024-clients-100,scale,guided-planning,udp,veh-73,veh-73,rsu-1,p5g-scale-udp-payload-1024-clients-100-veh-73-82,ipi-session-1,multiclient-scalability-run-4,veh-73,82,100-clients,default,stationary,unsynced,true,true,clients,100,count,IPI-CooperativeService,1101,1783019645618882025,1783019580830813979,1783019580830861709,1783019645648731274,29.849,,0.048,64817.870,"CooperativeService{guidedPlanning, status=request, vehicleId=0x7665682d3733, requestedHorizonMs=2500, confidence=100, planning.waypoints=1, offloadTaskId=udp-probe-82, offloadPayload=1024 bytes}"
5g-udp-sender,1783019645894844573,edge4av-real-20260702-multiclient-scalability-run-4,p5g-scale-udp-payload-1024-clients-100,scale,guided-planning,udp,veh-73,veh-73,rsu-1,p5g-scale-udp-payload-1024-clients-100-veh-73-83,ipi-session-1,multiclient-scalability-run-4,veh-73,83,100-clients,default,stationary,unsynced,true,true,clients,100,count,IPI-CooperativeService,1101,1783019645848879366,1783019581071447629,1783019581071473648,1783019645894844573,45.965,,0.026,64823.371,"CooperativeService{guidedPlanning, status=request, vehicleId=0x7665682d3733, requestedHorizonMs=2500, confidence=100, planning.waypoints=1, offloadTaskId=udp-probe-83, offloadPayload=1024 bytes}"
5g-udp-sender,1783019646146910962,edge4av-real-20260702-multiclient-scalability-run-4,p5g-scale-udp-payload-1024-clients-100,scale,guided-planning,udp,veh-73,veh-73,rsu-1,p5g-scale-udp-payload-1024-clients-100-veh-73-84,ipi-session-1,multiclient-scalability-run-4,veh-73,84,100-clients,default,stationary,unsynced,true,true,clients,100,count,IPI-CooperativeService,1101,1783019646094991426,1783019581331416959,1783019581331446477,1783019646146910962,51.920,,0.030,64815.464,"CooperativeService{guidedPlanning, status=request, vehicleId=0x7665682d3733, requestedHorizonMs=2500, confidence=100, planning.waypoints=1, offloadTaskId=udp-probe-84, offloadPayload=1024 bytes}"
5g-udp-sender,1783019646376754025,edge4av-real-20260702-multiclient-scalability-run-4,p5g-scale-udp-payload-1024-clients-100,scale,guided-planning,udp,veh-73,veh-73,rsu-1,p5g-scale-udp-payload-1024-clients-100-veh-73-85,ipi-session-1,multiclient-scalability-run-4,veh-73,85,100-clients,default,stationary,unsynced,true,true,clients,100,count,IPI-CooperativeService,1101,1783019646347069301,1783019581561885236,1783019581561910540,1783019646376754025,29.685,,0.025,64814.843,"CooperativeService{guidedPlanning, status=request, vehicleId=0x7665682d3733, requestedHorizonMs=2500, confidence=100, planning.waypoints=1, offloadTaskId=udp-probe-85, offloadPayload=1024 bytes}"
5g-udp-sender,1783019646616750584,edge4av-real-20260702-multiclient-scalability-run-4,p5g-scale-udp-payload-1024-clients-100,scale,guided-planning,udp,veh-73,veh-73,rsu-1,p5g-scale-udp-payload-1024-clients-100-veh-73-86,ipi-session-1,multiclient-scalability-run-4,veh-73,86,100-clients,default,stationary,unsynced,true,true,clients,100,count,IPI-CooperativeService,1101,1783019646576937141,1783019581802556711,1783019581802579764,1783019646616750584,39.813,,0.023,64814.171,"CooperativeService{guidedPlanning, status=request, vehicleId=0x7665682d3733, requestedHorizonMs=2500, confidence=100, planning.waypoints=1, offloadTaskId=udp-probe-86, offloadPayload=1024 bytes}"
5g-udp-sender,1783019646876896051,edge4av-real-20260702-multiclient-scalability-run-4,p5g-scale-udp-payload-1024-clients-100,scale,guided-planning,udp,veh-73,veh-73,rsu-1,p5g-scale-udp-payload-1024-clients-100-veh-73-87,ipi-session-1,multiclient-scalability-run-4,veh-73,87,100-clients,default,stationary,unsynced,true,true,clients,100,count,IPI-CooperativeService,1101,1783019646816897340,1783019582062580980,1783019582062607496,1783019646876896051,59.999,,0.027,64814.289,"CooperativeService{guidedPlanning, status=request, vehicleId=0x7665682d3733, requestedHorizonMs=2500, confidence=100, planning.waypoints=1, offloadTaskId=udp-probe-87, offloadPayload=1024 bytes}"
5g-udp-sender,1783019647128734563,edge4av-real-20260702-multiclient-scalability-run-4,p5g-scale-udp-payload-1024-clients-100,scale,guided-planning,udp,veh-73,veh-73,rsu-1,p5g-scale-udp-payload-1024-clients-100-veh-73-88,ipi-session-1,multiclient-scalability-run-4,veh-73,88,100-clients,default,stationary,unsynced,true,true,clients,100,count,IPI-CooperativeService,1101,1783019647077043476,1783019582313125425,1783019582313152186,1783019647128734563,51.691,,0.027,64815.582,"CooperativeService{guidedPlanning, status=request, vehicleId=0x7665682d3733, requestedHorizonMs=2500, confidence=100, planning.waypoints=1, offloadTaskId=udp-probe-88, offloadPayload=1024 bytes}"
5g-udp-sender,1783019647372755698,edge4av-real-20260702-multiclient-scalability-run-4,p5g-scale-udp-payload-1024-clients-100,scale,guided-planning,udp,veh-73,veh-73,rsu-1,p5g-scale-udp-payload-1024-clients-100-veh-73-89,ipi-session-1,multiclient-scalability-run-4,veh-73,89,100-clients,default,stationary,unsynced,true,true,clients,100,count,IPI-CooperativeService,1101,1783019647328880035,1783019582553701593,1783019582553723302,1783019647372755698,43.876,,0.022,64819.032,"CooperativeService{guidedPlanning, status=request, vehicleId=0x7665682d3733, requestedHorizonMs=2500, confidence=100, planning.waypoints=1, offloadTaskId=udp-probe-89, offloadPayload=1024 bytes}"
5g-udp-sender,1783019647618866279,edge4av-real-20260702-multiclient-scalability-run-4,p5g-scale-udp-payload-1024-clients-100,scale,guided-planning,udp,veh-73,veh-73,rsu-1,p5g-scale-udp-payload-1024-clients-100-veh-73-90,ipi-session-1,multiclient-scalability-run-4,veh-73,90,100-clients,default,stationary,unsynced,true,true,clients,100,count,IPI-CooperativeService,1101,1783019647572906963,1783019582804105818,1783019582804129114,1783019647618866279,45.959,,0.023,64814.737,"CooperativeService{guidedPlanning, status=request, vehicleId=0x7665682d3733, requestedHorizonMs=2500, confidence=100, planning.waypoints=1, offloadTaskId=udp-probe-90, offloadPayload=1024 bytes}"
5g-udp-sender,1783019647872856096,edge4av-real-20260702-multiclient-scalability-run-4,p5g-scale-udp-payload-1024-clients-100,scale,guided-planning,udp,veh-73,veh-73,rsu-1,p5g-scale-udp-payload-1024-clients-100-veh-73-91,ipi-session-1,multiclient-scalability-run-4,veh-73,91,100-clients,default,stationary,unsynced,true,true,clients,100,count,IPI-CooperativeService,1101,1783019647819018835,1783019583054733538,1783019583054756076,1783019647872856096,53.837,,0.023,64818.100,"CooperativeService{guidedPlanning, status=request, vehicleId=0x7665682d3733, requestedHorizonMs=2500, confidence=100, planning.waypoints=1, offloadTaskId=udp-probe-91, offloadPayload=1024 bytes}"
5g-udp-sender,1783019648112839982,edge4av-real-20260702-multiclient-scalability-run-4,p5g-scale-udp-payload-1024-clients-100,scale,guided-planning,udp,veh-73,veh-73,rsu-1,p5g-scale-udp-payload-1024-clients-100-veh-73-92,ipi-session-1,multiclient-scalability-run-4,veh-73,92,100-clients,default,stationary,unsynced,true,true,clients,100,count,IPI-CooperativeService,1101,1783019648073072802,1783019583294877019,1783019583294903738,1783019648112839982,39.767,,0.027,64817.936,"CooperativeService{guidedPlanning, status=request, vehicleId=0x7665682d3733, requestedHorizonMs=2500, confidence=100, planning.waypoints=1, offloadTaskId=udp-probe-92, offloadPayload=1024 bytes}"
5g-udp-sender,1783019648352816014,edge4av-real-20260702-multiclient-scalability-run-4,p5g-scale-udp-payload-1024-clients-100,scale,guided-planning,udp,veh-73,veh-73,rsu-1,p5g-scale-udp-payload-1024-clients-100-veh-73-93,ipi-session-1,multiclient-scalability-run-4,veh-73,93,100-clients,default,stationary,unsynced,true,true,clients,100,count,IPI-CooperativeService,1101,1783019648312988793,1783019583535409796,1783019583535433170,1783019648352816014,39.827,,0.023,64817.383,"CooperativeService{guidedPlanning, status=request, vehicleId=0x7665682d3733, requestedHorizonMs=2500, confidence=100, planning.waypoints=1, offloadTaskId=udp-probe-93, offloadPayload=1024 bytes}"
5g-udp-sender,1783019648580948689,edge4av-real-20260702-multiclient-scalability-run-4,p5g-scale-udp-payload-1024-clients-100,scale,guided-planning,udp,veh-73,veh-73,rsu-1,p5g-scale-udp-payload-1024-clients-100-veh-73-94,ipi-session-1,multiclient-scalability-run-4,veh-73,94,100-clients,default,stationary,unsynced,true,true,clients,100,count,IPI-CooperativeService,1101,1783019648552964892,1783019583765930038,1783019583765952391,1783019648580948689,27.984,,0.022,64814.996,"CooperativeService{guidedPlanning, status=request, vehicleId=0x7665682d3733, requestedHorizonMs=2500, confidence=100, planning.waypoints=1, offloadTaskId=udp-probe-94, offloadPayload=1024 bytes}"
5g-udp-sender,1783019648818810521,edge4av-real-20260702-multiclient-scalability-run-4,p5g-scale-udp-payload-1024-clients-100,scale,guided-planning,udp,veh-73,veh-73,rsu-1,p5g-scale-udp-payload-1024-clients-100-veh-73-95,ipi-session-1,multiclient-scalability-run-4,veh-73,95,100-clients,default,stationary,unsynced,true,true,clients,100,count,IPI-CooperativeService,1101,1783019648781098187,1783019584006551812,1783019584006576685,1783019648818810521,37.712,,0.025,64812.234,"CooperativeService{guidedPlanning, status=request, vehicleId=0x7665682d3733, requestedHorizonMs=2500, confidence=100, planning.waypoints=1, offloadTaskId=udp-probe-95, offloadPayload=1024 bytes}"
5g-udp-sender,1783019649060923877,edge4av-real-20260702-multiclient-scalability-run-4,p5g-scale-udp-payload-1024-clients-100,scale,guided-planning,udp,veh-73,veh-73,rsu-1,p5g-scale-udp-payload-1024-clients-100-veh-73-96,ipi-session-1,multiclient-scalability-run-4,veh-73,96,100-clients,default,stationary,unsynced,true,true,clients,100,count,IPI-CooperativeService,1101,1783019649018964353,1783019584246782361,1783019584246806408,1783019649060923877,41.960,,0.024,64814.117,"CooperativeService{guidedPlanning, status=request, vehicleId=0x7665682d3733, requestedHorizonMs=2500, confidence=100, planning.waypoints=1, offloadTaskId=udp-probe-96, offloadPayload=1024 bytes}"
5g-udp-sender,1783019649302978975,edge4av-real-20260702-multiclient-scalability-run-4,p5g-scale-udp-payload-1024-clients-100,scale,guided-planning,udp,veh-73,veh-73,rsu-1,p5g-scale-udp-payload-1024-clients-100-veh-73-97,ipi-session-1,multiclient-scalability-run-4,veh-73,97,100-clients,default,stationary,unsynced,true,true,clients,100,count,IPI-CooperativeService,1101,1783019649261068304,1783019584486994086,1783019584487017183,1783019649302978975,41.911,,0.023,64815.962,"CooperativeService{guidedPlanning, status=request, vehicleId=0x7665682d3733, requestedHorizonMs=2500, confidence=100, planning.waypoints=1, offloadTaskId=udp-probe-97, offloadPayload=1024 bytes}"
5g-udp-sender,1783019649544896605,edge4av-real-20260702-multiclient-scalability-run-4,p5g-scale-udp-payload-1024-clients-100,scale,guided-planning,udp,veh-73,veh-73,rsu-1,p5g-scale-udp-payload-1024-clients-100-veh-73-98,ipi-session-1,multiclient-scalability-run-4,veh-73,98,100-clients,default,stationary,unsynced,true,true,clients,100,count,IPI-CooperativeService,1101,1783019649503139560,1783019584727414677,1783019584727441137,1783019649544896605,41.757,,0.026,64817.455,"CooperativeService{guidedPlanning, status=request, vehicleId=0x7665682d3733, requestedHorizonMs=2500, confidence=100, planning.waypoints=1, offloadTaskId=udp-probe-98, offloadPayload=1024 bytes}"
5g-udp-sender,1783019649784930360,edge4av-real-20260702-multiclient-scalability-run-4,p5g-scale-udp-payload-1024-clients-100,scale,guided-planning,udp,veh-73,veh-73,rsu-1,p5g-scale-udp-payload-1024-clients-100-veh-73-99,ipi-session-1,multiclient-scalability-run-4,veh-73,99,100-clients,default,stationary,unsynced,true,true,clients,100,count,IPI-CooperativeService,1101,1783019649745083590,1783019584967786732,1783019584967819931,1783019649784930360,39.847,,0.033,64817.110,"CooperativeService{guidedPlanning, status=request, vehicleId=0x7665682d3733, requestedHorizonMs=2500, confidence=100, planning.waypoints=1, offloadTaskId=udp-probe-99, offloadPayload=1024 bytes}"
5g-udp-sender,1783019650012777673,edge4av-real-20260702-multiclient-scalability-run-4,p5g-scale-udp-payload-1024-clients-100,scale,guided-planning,udp,veh-73,veh-73,rsu-1,p5g-scale-udp-payload-1024-clients-100-veh-73-100,ipi-session-1,multiclient-scalability-run-4,veh-73,100,100-clients,default,stationary,unsynced,true,true,clients,100,count,IPI-CooperativeService,1102,1783019649985077731,1783019585197971339,1783019585197998059,1783019650012777673,27.700,,0.027,64814.780,"CooperativeService{guidedPlanning, status=request, vehicleId=0x7665682d3733, requestedHorizonMs=2500, confidence=100, planning.waypoints=1, offloadTaskId=udp-probe-100, offloadPayload=1024 bytes}"
5g-udp-sender,1783019650303006281,edge4av-real-20260702-multiclient-scalability-run-4,p5g-scale-udp-payload-1024-clients-100,scale,guided-planning,udp,veh-73,veh-73,rsu-1,p5g-scale-udp-payload-1024-clients-100-veh-73-101,ipi-session-1,multiclient-scalability-run-4,veh-73,101,100-clients,default,stationary,unsynced,true,true,clients,100,count,IPI-CooperativeService,1102,1783019650212930130,1783019585489072342,1783019585489101001,1783019650303006281,90.076,,0.029,64813.905,"CooperativeService{guidedPlanning, status=request, vehicleId=0x7665682d3733, requestedHorizonMs=2500, confidence=100, planning.waypoints=1, offloadTaskId=udp-probe-101, offloadPayload=1024 bytes}"
5g-udp-sender,1783019650586957289,edge4av-real-20260702-multiclient-scalability-run-4,p5g-scale-udp-payload-1024-clients-100,scale,guided-planning,udp,veh-73,veh-73,rsu-1,p5g-scale-udp-payload-1024-clients-100-veh-73-102,ipi-session-1,multiclient-scalability-run-4,veh-73,102,100-clients,default,stationary,unsynced,true,true,clients,100,count,IPI-CooperativeService,1102,1783019650503159804,1783019585769254603,1783019585769311192,1783019650586957289,83.797,,0.057,64817.646,"CooperativeService{guidedPlanning, status=request, vehicleId=0x7665682d3733, requestedHorizonMs=2500, confidence=100, planning.waypoints=1, offloadTaskId=udp-probe-102, offloadPayload=1024 bytes}"
5g-udp-sender,1783019650872964423,edge4av-real-20260702-multiclient-scalability-run-4,p5g-scale-udp-payload-1024-clients-100,scale,guided-planning,udp,veh-73,veh-73,rsu-1,p5g-scale-udp-payload-1024-clients-100-veh-73-103,ipi-session-1,multiclient-scalability-run-4,veh-73,103,100-clients,default,stationary,unsynced,true,true,clients,100,count,IPI-CooperativeService,1102,1783019650787104392,1783019586049615620,1783019586049641359,1783019650872964423,85.860,,0.026,64823.323,"CooperativeService{guidedPlanning, status=request, vehicleId=0x7665682d3733, requestedHorizonMs=2500, confidence=100, planning.waypoints=1, offloadTaskId=udp-probe-103, offloadPayload=1024 bytes}"
5g-udp-sender,1783019651182242755,edge4av-real-20260702-multiclient-scalability-run-4,p5g-scale-udp-payload-1024-clients-100,scale,guided-planning,udp,veh-73,veh-73,rsu-1,p5g-scale-udp-payload-1024-clients-100-veh-73-104,ipi-session-1,multiclient-scalability-run-4,veh-73,104,100-clients,default,stationary,unsynced,true,true,clients,100,count,IPI-CooperativeService,1102,1783019651073122380,1783019586370089505,1783019586370139370,1783019651182242755,109.120,,0.050,64812.103,"CooperativeService{guidedPlanning, status=request, vehicleId=0x7665682d3733, requestedHorizonMs=2500, confidence=100, planning.waypoints=1, offloadTaskId=udp-probe-104, offloadPayload=1024 bytes}"
5g-udp-sender,1783019651468805095,edge4av-real-20260702-multiclient-scalability-run-4,p5g-scale-udp-payload-1024-clients-100,scale,guided-planning,udp,veh-73,veh-73,rsu-1,p5g-scale-udp-payload-1024-clients-100-veh-73-105,ipi-session-1,multiclient-scalability-run-4,veh-73,105,100-clients,default,stationary,unsynced,true,true,clients,100,count,IPI-CooperativeService,1102,1783019651382442123,1783019586650532916,1783019586650582527,1783019651468805095,86.363,,0.050,64818.223,"CooperativeService{guidedPlanning, status=request, vehicleId=0x7665682d3733, requestedHorizonMs=2500, confidence=100, planning.waypoints=1, offloadTaskId=udp-probe-105, offloadPayload=1024 bytes}"
5g-udp-sender,1783019651746765135,edge4av-real-20260702-multiclient-scalability-run-4,p5g-scale-udp-payload-1024-clients-100,scale,guided-planning,udp,veh-73,veh-73,rsu-1,p5g-scale-udp-payload-1024-clients-100-veh-73-106,ipi-session-1,multiclient-scalability-run-4,veh-73,106,100-clients,default,stationary,unsynced,true,true,clients,100,count,IPI-CooperativeService,1102,1783019651668952529,1783019586931282039,1783019586931304756,1783019651746765135,77.813,,0.023,64815.460,"CooperativeService{guidedPlanning, status=request, vehicleId=0x7665682d3733, requestedHorizonMs=2500, confidence=100, planning.waypoints=1, offloadTaskId=udp-probe-106, offloadPayload=1024 bytes}"
5g-udp-sender,1783019652015821756,edge4av-real-20260702-multiclient-scalability-run-4,p5g-scale-udp-payload-1024-clients-100,scale,guided-planning,udp,veh-73,veh-73,rsu-1,p5g-scale-udp-payload-1024-clients-100-veh-73-107,ipi-session-1,multiclient-scalability-run-4,veh-73,107,100-clients,default,stationary,unsynced,true,true,clients,100,count,IPI-CooperativeService,1102,1783019651946909506,1783019587201752639,1783019587201778448,1783019652015821756,68.912,,0.026,64814.043,"CooperativeService{guidedPlanning, status=request, vehicleId=0x7665682d3733, requestedHorizonMs=2500, confidence=100, planning.waypoints=1, offloadTaskId=udp-probe-107, offloadPayload=1024 bytes}"
5g-udp-sender,1783019652286772910,edge4av-real-20260702-multiclient-scalability-run-4,p5g-scale-udp-payload-1024-clients-100,scale,guided-planning,udp,veh-73,veh-73,rsu-1,p5g-scale-udp-payload-1024-clients-100-veh-73-108,ipi-session-1,multiclient-scalability-run-4,veh-73,108,100-clients,default,stationary,unsynced,true,true,clients,100,count,IPI-CooperativeService,1102,1783019652215971232,1783019587472154240,1783019587472182867,1783019652286772910,70.802,,0.029,64814.590,"CooperativeService{guidedPlanning, status=request, vehicleId=0x7665682d3733, requestedHorizonMs=2500, confidence=100, planning.waypoints=1, offloadTaskId=udp-probe-108, offloadPayload=1024 bytes}"
5g-udp-sender,1783019652577379882,edge4av-real-20260702-multiclient-scalability-run-4,p5g-scale-udp-payload-1024-clients-100,scale,guided-planning,udp,veh-73,veh-73,rsu-1,p5g-scale-udp-payload-1024-clients-100-veh-73-109,ipi-session-1,multiclient-scalability-run-4,veh-73,109,100-clients,default,stationary,unsynced,true,true,clients,100,count,IPI-CooperativeService,1102,1783019652486917347,1783019587763101489,1783019587763123054,1783019652577379882,90.463,,0.022,64814.257,"CooperativeService{guidedPlanning, status=request, vehicleId=0x7665682d3733, requestedHorizonMs=2500, confidence=100, planning.waypoints=1, offloadTaskId=udp-probe-109, offloadPayload=1024 bytes}"
5g-udp-sender,1783019652886837931,edge4av-real-20260702-multiclient-scalability-run-4,p5g-scale-udp-payload-1024-clients-100,scale,guided-planning,udp,veh-73,veh-73,rsu-1,p5g-scale-udp-payload-1024-clients-100-veh-73-110,ipi-session-1,multiclient-scalability-run-4,veh-73,110,100-clients,default,stationary,unsynced,true,true,clients,100,count,IPI-CooperativeService,1102,1783019652777534111,1783019588073322370,1783019588073344272,1783019652886837931,109.304,,0.022,64813.494,"CooperativeService{guidedPlanning, status=request, vehicleId=0x7665682d3733, requestedHorizonMs=2500, confidence=100, planning.waypoints=1, offloadTaskId=udp-probe-110, offloadPayload=1024 bytes}"
5g-udp-sender,1783019653138886553,edge4av-real-20260702-multiclient-scalability-run-4,p5g-scale-udp-payload-1024-clients-100,scale,guided-planning,udp,veh-73,veh-73,rsu-1,p5g-scale-udp-payload-1024-clients-100-veh-73-111,ipi-session-1,multiclient-scalability-run-4,veh-73,111,100-clients,default,stationary,unsynced,true,true,clients,100,count,IPI-CooperativeService,1102,1783019653087023788,1783019588323572829,1783019588323600098,1783019653138886553,51.863,,0.027,64815.286,"CooperativeService{guidedPlanning, status=request, vehicleId=0x7665682d3733, requestedHorizonMs=2500, confidence=100, planning.waypoints=1, offloadTaskId=udp-probe-111, offloadPayload=1024 bytes}"
5g-udp-sender,1783019653380800528,edge4av-real-20260702-multiclient-scalability-run-4,p5g-scale-udp-payload-1024-clients-100,scale,guided-planning,udp,veh-73,veh-73,rsu-1,p5g-scale-udp-payload-1024-clients-100-veh-73-112,ipi-session-1,multiclient-scalability-run-4,veh-73,112,100-clients,default,stationary,unsynced,true,true,clients,100,count,IPI-CooperativeService,1102,1783019653339033529,1783019588563767517,1783019588563817119,1783019653380800528,41.767,,0.050,64816.983,"CooperativeService{guidedPlanning, status=request, vehicleId=0x7665682d3733, requestedHorizonMs=2500, confidence=100, planning.waypoints=1, offloadTaskId=udp-probe-112, offloadPayload=1024 bytes}"
5g-udp-sender,1783019653628842911,edge4av-real-20260702-multiclient-scalability-run-4,p5g-scale-udp-payload-1024-clients-100,scale,guided-planning,udp,veh-73,veh-73,rsu-1,p5g-scale-udp-payload-1024-clients-100-veh-73-113,ipi-session-1,multiclient-scalability-run-4,veh-73,113,100-clients,default,stationary,unsynced,true,true,clients,100,count,IPI-CooperativeService,1102,1783019653580950974,1783019588814582069,1783019588814608741,1783019653628842911,47.892,,0.027,64814.234,"CooperativeService{guidedPlanning, status=request, vehicleId=0x7665682d3733, requestedHorizonMs=2500, confidence=100, planning.waypoints=1, offloadTaskId=udp-probe-113, offloadPayload=1024 bytes}"
5g-udp-sender,1783019653882836201,edge4av-real-20260702-multiclient-scalability-run-4,p5g-scale-udp-payload-1024-clients-100,scale,guided-planning,udp,veh-73,veh-73,rsu-1,p5g-scale-udp-payload-1024-clients-100-veh-73-114,ipi-session-1,multiclient-scalability-run-4,veh-73,114,100-clients,default,stationary,unsynced,true,true,clients,100,count,IPI-CooperativeService,1102,1783019653828998287,1783019589064908625,1783019589064931405,1783019653882836201,53.838,,0.023,64817.905,"CooperativeService{guidedPlanning, status=request, vehicleId=0x7665682d3733, requestedHorizonMs=2500, confidence=100, planning.waypoints=1, offloadTaskId=udp-probe-114, offloadPayload=1024 bytes}"
5g-udp-sender,1783019654132798966,edge4av-real-20260702-multiclient-scalability-run-4,p5g-scale-udp-payload-1024-clients-100,scale,guided-planning,udp,veh-73,veh-73,rsu-1,p5g-scale-udp-payload-1024-clients-100-veh-73-115,ipi-session-1,multiclient-scalability-run-4,veh-73,115,100-clients,default,stationary,unsynced,true,true,clients,100,count,IPI-CooperativeService,1102,1783019654082986017,1783019589315481542,1783019589315504996,1783019654132798966,49.813,,0.023,64817.294,"CooperativeService{guidedPlanning, status=request, vehicleId=0x7665682d3733, requestedHorizonMs=2500, confidence=100, planning.waypoints=1, offloadTaskId=udp-probe-115, offloadPayload=1024 bytes}"
5g-udp-sender,1783019654371072765,edge4av-real-20260702-multiclient-scalability-run-4,p5g-scale-udp-payload-1024-clients-100,scale,guided-planning,udp,veh-73,veh-73,rsu-1,p5g-scale-udp-payload-1024-clients-100-veh-73-116,ipi-session-1,multiclient-scalability-run-4,veh-73,116,100-clients,default,stationary,unsynced,true,true,clients,100,count,IPI-CooperativeService,1102,1783019654332959812,1783019589555364434,1783019589555414010,1783019654371072765,38.113,,0.050,64815.659,"CooperativeService{guidedPlanning, status=request, vehicleId=0x7665682d3733, requestedHorizonMs=2500, confidence=100, planning.waypoints=1, offloadTaskId=udp-probe-116, offloadPayload=1024 bytes}"
5g-udp-sender,1783019654614885504,edge4av-real-20260702-multiclient-scalability-run-4,p5g-scale-udp-payload-1024-clients-100,scale,guided-planning,udp,veh-73,veh-73,rsu-1,p5g-scale-udp-payload-1024-clients-100-veh-73-117,ipi-session-1,multiclient-scalability-run-4,veh-73,117,100-clients,default,stationary,unsynced,true,true,clients,100,count,IPI-CooperativeService,1102,1783019654571264365,1783019589796328228,1783019589796351120,1783019654614885504,43.621,,0.023,64818.534,"CooperativeService{guidedPlanning, status=request, vehicleId=0x7665682d3733, requestedHorizonMs=2500, confidence=100, planning.waypoints=1, offloadTaskId=udp-probe-117, offloadPayload=1024 bytes}"
5g-udp-sender,1783019654850844008,edge4av-real-20260702-multiclient-scalability-run-4,p5g-scale-udp-payload-1024-clients-100,scale,guided-planning,udp,veh-73,veh-73,rsu-1,p5g-scale-udp-payload-1024-clients-100-veh-73-118,ipi-session-1,multiclient-scalability-run-4,veh-73,118,100-clients,default,stationary,unsynced,true,true,clients,100,count,IPI-CooperativeService,1102,1783019654815045783,1783019590036551835,1783019590036576707,1783019654850844008,35.798,,0.025,64814.267,"CooperativeService{guidedPlanning, status=request, vehicleId=0x7665682d3733, requestedHorizonMs=2500, confidence=100, planning.waypoints=1, offloadTaskId=udp-probe-118, offloadPayload=1024 bytes}"
5g-udp-sender,1783019655088882802,edge4av-real-20260702-multiclient-scalability-run-4,p5g-scale-udp-payload-1024-clients-100,scale,guided-planning,udp,veh-73,veh-73,rsu-1,p5g-scale-udp-payload-1024-clients-100-veh-73-119,ipi-session-1,multiclient-scalability-run-4,veh-73,119,100-clients,default,stationary,unsynced,true,true,clients,100,count,IPI-CooperativeService,1102,1783019655050989400,1783019590276727558,1783019590276780156,1783019655088882802,37.893,,0.053,64812.103,"CooperativeService{guidedPlanning, status=request, vehicleId=0x7665682d3733, requestedHorizonMs=2500, confidence=100, planning.waypoints=1, offloadTaskId=udp-probe-119, offloadPayload=1024 bytes}"
5g-udp-sender,1783019655322947501,edge4av-real-20260702-multiclient-scalability-run-4,p5g-scale-udp-payload-1024-clients-100,scale,guided-planning,udp,veh-73,veh-73,rsu-1,p5g-scale-udp-payload-1024-clients-100-veh-73-120,ipi-session-1,multiclient-scalability-run-4,veh-73,120,100-clients,default,stationary,unsynced,true,true,clients,100,count,IPI-CooperativeService,1102,1783019655289033937,1783019590507540815,1783019590507563664,1783019655322947501,33.914,,0.023,64815.384,"CooperativeService{guidedPlanning, status=request, vehicleId=0x7665682d3733, requestedHorizonMs=2500, confidence=100, planning.waypoints=1, offloadTaskId=udp-probe-120, offloadPayload=1024 bytes}"
5g-udp-sender,1783019655562915442,edge4av-real-20260702-multiclient-scalability-run-4,p5g-scale-udp-payload-1024-clients-100,scale,guided-planning,udp,veh-73,veh-73,rsu-1,p5g-scale-udp-payload-1024-clients-100-veh-73-121,ipi-session-1,multiclient-scalability-run-4,veh-73,121,100-clients,default,stationary,unsynced,true,true,clients,100,count,IPI-CooperativeService,1102,1783019655523094936,1783019590747320233,1783019590747370637,1783019655562915442,39.821,,0.050,64815.545,"CooperativeService{guidedPlanning, status=request, vehicleId=0x7665682d3733, requestedHorizonMs=2500, confidence=100, planning.waypoints=1, offloadTaskId=udp-probe-121, offloadPayload=1024 bytes}"
5g-udp-sender,1783019655792973210,edge4av-real-20260702-multiclient-scalability-run-4,p5g-scale-udp-payload-1024-clients-100,scale,guided-planning,udp,veh-73,veh-73,rsu-1,p5g-scale-udp-payload-1024-clients-100-veh-73-122,ipi-session-1,multiclient-scalability-run-4,veh-73,122,100-clients,default,stationary,unsynced,true,true,clients,100,count,IPI-CooperativeService,1102,1783019655763078204,1783019590978444540,1783019590978468265,1783019655792973210,29.895,,0.024,64814.505,"CooperativeService{guidedPlanning, status=request, vehicleId=0x7665682d3733, requestedHorizonMs=2500, confidence=100, planning.waypoints=1, offloadTaskId=udp-probe-122, offloadPayload=1024 bytes}"
5g-udp-sender,1783019656042890249,edge4av-real-20260702-multiclient-scalability-run-4,p5g-scale-udp-payload-1024-clients-100,scale,guided-planning,udp,veh-73,veh-73,rsu-1,p5g-scale-udp-payload-1024-clients-100-veh-73-123,ipi-session-1,multiclient-scalability-run-4,veh-73,123,100-clients,default,stationary,unsynced,true,true,clients,100,count,IPI-CooperativeService,1102,1783019655993159385,1783019591228288792,1783019591228315917,1783019656042890249,49.731,,0.027,64814.574,"CooperativeService{guidedPlanning, status=request, vehicleId=0x7665682d3733, requestedHorizonMs=2500, confidence=100, planning.waypoints=1, offloadTaskId=udp-probe-123, offloadPayload=1024 bytes}"
5g-udp-sender,1783019656284850920,edge4av-real-20260702-multiclient-scalability-run-4,p5g-scale-udp-payload-1024-clients-100,scale,guided-planning,udp,veh-73,veh-73,rsu-1,p5g-scale-udp-payload-1024-clients-100-veh-73-124,ipi-session-1,multiclient-scalability-run-4,veh-73,124,100-clients,default,stationary,unsynced,true,true,clients,100,count,IPI-CooperativeService,1102,1783019656243041131,1783019591469405160,1783019591469434470,1783019656284850920,41.810,,0.029,64815.416,"CooperativeService{guidedPlanning, status=request, vehicleId=0x7665682d3733, requestedHorizonMs=2500, confidence=100, planning.waypoints=1, offloadTaskId=udp-probe-124, offloadPayload=1024 bytes}"
5g-udp-sender,1783019656534935007,edge4av-real-20260702-multiclient-scalability-run-4,p5g-scale-udp-payload-1024-clients-100,scale,guided-planning,udp,veh-73,veh-73,rsu-1,p5g-scale-udp-payload-1024-clients-100-veh-73-125,ipi-session-1,multiclient-scalability-run-4,veh-73,125,100-clients,default,stationary,unsynced,true,true,clients,100,count,IPI-CooperativeService,1102,1783019656485031821,1783019591719360239,1783019591719411000,1783019656534935007,49.903,,0.051,64815.524,"CooperativeService{guidedPlanning, status=request, vehicleId=0x7665682d3733, requestedHorizonMs=2500, confidence=100, planning.waypoints=1, offloadTaskId=udp-probe-125, offloadPayload=1024 bytes}"
5g-udp-sender,1783019656784931201,edge4av-real-20260702-multiclient-scalability-run-4,p5g-scale-udp-payload-1024-clients-100,scale,guided-planning,udp,veh-73,veh-73,rsu-1,p5g-scale-udp-payload-1024-clients-100-veh-73-126,ipi-session-1,multiclient-scalability-run-4,veh-73,126,100-clients,default,stationary,unsynced,true,true,clients,100,count,IPI-CooperativeService,1102,1783019656735104459,1783019591969596733,1783019591969647338,1783019656784931201,49.827,,0.051,64815.284,"CooperativeService{guidedPlanning, status=request, vehicleId=0x7665682d3733, requestedHorizonMs=2500, confidence=100, planning.waypoints=1, offloadTaskId=udp-probe-126, offloadPayload=1024 bytes}"
5g-udp-sender,1783019657026823674,edge4av-real-20260702-multiclient-scalability-run-4,p5g-scale-udp-payload-1024-clients-100,scale,guided-planning,udp,veh-73,veh-73,rsu-1,p5g-scale-udp-payload-1024-clients-100-veh-73-127,ipi-session-1,multiclient-scalability-run-4,veh-73,127,100-clients,default,stationary,unsynced,true,true,clients,100,count,IPI-CooperativeService,1102,1783019656985138130,1783019592210451292,1783019592210479605,1783019657026823674,41.686,,0.028,64816.344,"CooperativeService{guidedPlanning, status=request, vehicleId=0x7665682d3733, requestedHorizonMs=2500, confidence=100, planning.waypoints=1, offloadTaskId=udp-probe-127, offloadPayload=1024 bytes}"
5g-udp-sender,1783019657268905998,edge4av-real-20260702-multiclient-scalability-run-4,p5g-scale-udp-payload-1024-clients-100,scale,guided-planning,udp,veh-73,veh-73,rsu-1,p5g-scale-udp-payload-1024-clients-100-veh-73-128,ipi-session-1,multiclient-scalability-run-4,veh-73,128,100-clients,default,stationary,unsynced,true,true,clients,100,count,IPI-CooperativeService,1102,1783019657227083499,1783019592450956472,1783019592450982371,1783019657268905998,41.822,,0.026,64817.924,"CooperativeService{guidedPlanning, status=request, vehicleId=0x7665682d3733, requestedHorizonMs=2500, confidence=100, planning.waypoints=1, offloadTaskId=udp-probe-128, offloadPayload=1024 bytes}"
5g-udp-sender,1783019657498929637,edge4av-real-20260702-multiclient-scalability-run-4,p5g-scale-udp-payload-1024-clients-100,scale,guided-planning,udp,veh-73,veh-73,rsu-1,p5g-scale-udp-payload-1024-clients-100-veh-73-129,ipi-session-1,multiclient-scalability-run-4,veh-73,129,100-clients,default,stationary,unsynced,true,true,clients,100,count,IPI-CooperativeService,1102,1783019657469089406,1783019592681474878,1783019592681524386,1783019657498929637,29.840,,0.050,64817.405,"CooperativeService{guidedPlanning, status=request, vehicleId=0x7665682d3733, requestedHorizonMs=2500, confidence=100, planning.waypoints=1, offloadTaskId=udp-probe-129, offloadPayload=1024 bytes}"
5g-udp-sender,1783019657754829620,edge4av-real-20260702-multiclient-scalability-run-4,p5g-scale-udp-payload-1024-clients-100,scale,guided-planning,udp,veh-73,veh-73,rsu-1,p5g-scale-udp-payload-1024-clients-100-veh-73-130,ipi-session-1,multiclient-scalability-run-4,veh-73,130,100-clients,default,stationary,unsynced,true,true,clients,100,count,IPI-CooperativeService,1102,1783019657699082332,1783019592931655944,1783019592931682468,1783019657754829620,55.747,,0.027,64823.147,"CooperativeService{guidedPlanning, status=request, vehicleId=0x7665682d3733, requestedHorizonMs=2500, confidence=100, planning.waypoints=1, offloadTaskId=udp-probe-130, offloadPayload=1024 bytes}"
5g-udp-sender,1783019658029051451,edge4av-real-20260702-multiclient-scalability-run-4,p5g-scale-udp-payload-1024-clients-100,scale,guided-planning,udp,veh-73,veh-73,rsu-1,p5g-scale-udp-payload-1024-clients-100-veh-73-131,ipi-session-1,multiclient-scalability-run-4,veh-73,131,100-clients,default,stationary,unsynced,true,true,clients,100,count,IPI-CooperativeService,1102,1783019657954980831,1783019593182299253,1783019593182325347,1783019658029051451,74.071,,0.026,64846.726,"CooperativeService{guidedPlanning, status=request, vehicleId=0x7665682d3733, requestedHorizonMs=2500, confidence=100, planning.waypoints=1, offloadTaskId=udp-probe-131, offloadPayload=1024 bytes}"
5g-udp-sender,1783019658282930348,edge4av-real-20260702-multiclient-scalability-run-4,p5g-scale-udp-payload-1024-clients-100,scale,guided-planning,udp,veh-73,veh-73,rsu-1,p5g-scale-udp-payload-1024-clients-100-veh-73-132,ipi-session-1,multiclient-scalability-run-4,veh-73,132,100-clients,default,stationary,unsynced,true,true,clients,100,count,IPI-CooperativeService,1102,1783019658229239836,1783019593472087282,1783019593472136914,1783019658282930348,53.691,,0.050,64810.793,"CooperativeService{guidedPlanning, status=request, vehicleId=0x7665682d3733, requestedHorizonMs=2500, confidence=100, planning.waypoints=1, offloadTaskId=udp-probe-132, offloadPayload=1024 bytes}"
5g-udp-sender,1783019658516820127,edge4av-real-20260702-multiclient-scalability-run-4,p5g-scale-udp-payload-1024-clients-100,scale,guided-planning,udp,veh-73,veh-73,rsu-1,p5g-scale-udp-payload-1024-clients-100-veh-73-133,ipi-session-1,multiclient-scalability-run-4,veh-73,133,100-clients,default,stationary,unsynced,true,true,clients,100,count,IPI-CooperativeService,1102,1783019658483086055,1783019593703054402,1783019593703078411,1783019658516820127,33.734,,0.024,64813.742,"CooperativeService{guidedPlanning, status=request, vehicleId=0x7665682d3733, requestedHorizonMs=2500, confidence=100, planning.waypoints=1, offloadTaskId=udp-probe-133, offloadPayload=1024 bytes}"
5g-udp-sender,1783019658752935320,edge4av-real-20260702-multiclient-scalability-run-4,p5g-scale-udp-payload-1024-clients-100,scale,guided-planning,udp,veh-73,veh-73,rsu-1,p5g-scale-udp-payload-1024-clients-100-veh-73-134,ipi-session-1,multiclient-scalability-run-4,veh-73,134,100-clients,default,stationary,unsynced,true,true,clients,100,count,IPI-CooperativeService,1102,1783019658716998664,1783019593933205549,1783019593933228290,1783019658752935320,35.937,,0.023,64819.707,"CooperativeService{guidedPlanning, status=request, vehicleId=0x7665682d3733, requestedHorizonMs=2500, confidence=100, planning.waypoints=1, offloadTaskId=udp-probe-134, offloadPayload=1024 bytes}"
5g-udp-sender,1783019658981018297,edge4av-real-20260702-multiclient-scalability-run-4,p5g-scale-udp-payload-1024-clients-100,scale,guided-planning,udp,veh-73,veh-73,rsu-1,p5g-scale-udp-payload-1024-clients-100-veh-73-135,ipi-session-1,multiclient-scalability-run-4,veh-73,135,100-clients,default,stationary,unsynced,true,true,clients,100,count,IPI-CooperativeService,1102,1783019658953122445,1783019594163594756,1783019594163618255,1783019658981018297,27.896,,0.023,64817.400,"CooperativeService{guidedPlanning, status=request, vehicleId=0x7665682d3733, requestedHorizonMs=2500, confidence=100, planning.waypoints=1, offloadTaskId=udp-probe-135, offloadPayload=1024 bytes}"
5g-udp-sender,1783019659216973025,edge4av-real-20260702-multiclient-scalability-run-4,p5g-scale-udp-payload-1024-clients-100,scale,guided-planning,udp,veh-73,veh-73,rsu-1,p5g-scale-udp-payload-1024-clients-100-veh-73-136,ipi-session-1,multiclient-scalability-run-4,veh-73,136,100-clients,default,stationary,unsynced,true,true,clients,100,count,IPI-CooperativeService,1102,1783019659181202884,1783019594403835790,1783019594403915824,1783019659216973025,35.770,,0.080,64813.057,"CooperativeService{guidedPlanning, status=request, vehicleId=0x7665682d3733, requestedHorizonMs=2500, confidence=100, planning.waypoints=1, offloadTaskId=udp-probe-136, offloadPayload=1024 bytes}"
5g-udp-sender,1783019659458896350,edge4av-real-20260702-multiclient-scalability-run-4,p5g-scale-udp-payload-1024-clients-100,scale,guided-planning,udp,veh-73,veh-73,rsu-1,p5g-scale-udp-payload-1024-clients-100-veh-73-137,ipi-session-1,multiclient-scalability-run-4,veh-73,137,100-clients,default,stationary,unsynced,true,true,clients,100,count,IPI-CooperativeService,1102,1783019659417121899,1783019594644714625,1783019594644739619,1783019659458896350,41.774,,0.025,64814.157,"CooperativeService{guidedPlanning, status=request, vehicleId=0x7665682d3733, requestedHorizonMs=2500, confidence=100, planning.waypoints=1, offloadTaskId=udp-probe-137, offloadPayload=1024 bytes}"
5g-udp-sender,1783019659698878724,edge4av-real-20260702-multiclient-scalability-run-4,p5g-scale-udp-payload-1024-clients-100,scale,guided-planning,udp,veh-73,veh-73,rsu-1,p5g-scale-udp-payload-1024-clients-100-veh-73-138,ipi-session-1,multiclient-scalability-run-4,veh-73,138,100-clients,default,stationary,unsynced,true,true,clients,100,count,IPI-CooperativeService,1102,1783019659659082518,1783019594885043138,1783019594885066481,1783019659698878724,39.796,,0.023,64813.812,"CooperativeService{guidedPlanning, status=request, vehicleId=0x7665682d3733, requestedHorizonMs=2500, confidence=100, planning.waypoints=1, offloadTaskId=udp-probe-138, offloadPayload=1024 bytes}"
5g-udp-sender,1783019659940970787,edge4av-real-20260702-multiclient-scalability-run-4,p5g-scale-udp-payload-1024-clients-100,scale,guided-planning,udp,veh-73,veh-73,rsu-1,p5g-scale-udp-payload-1024-clients-100-veh-73-139,ipi-session-1,multiclient-scalability-run-4,veh-73,139,100-clients,default,stationary,unsynced,true,true,clients,100,count,IPI-CooperativeService,1102,1783019659899059697,1783019595125448255,1783019595125478159,1783019659940970787,41.911,,0.030,64815.493,"CooperativeService{guidedPlanning, status=request, vehicleId=0x7665682d3733, requestedHorizonMs=2500, confidence=100, planning.waypoints=1, offloadTaskId=udp-probe-139, offloadPayload=1024 bytes}"
5g-udp-sender,1783019660180988880,edge4av-real-20260702-multiclient-scalability-run-4,p5g-scale-udp-payload-1024-clients-100,scale,guided-planning,udp,veh-73,veh-73,rsu-1,p5g-scale-udp-payload-1024-clients-100-veh-73-140,ipi-session-1,multiclient-scalability-run-4,veh-73,140,100-clients,default,stationary,unsynced,true,true,clients,100,count,IPI-CooperativeService,1102,1783019660141152747,1783019595366182154,1783019595366204626,1783019660180988880,39.836,,0.022,64814.784,"CooperativeService{guidedPlanning, status=request, vehicleId=0x7665682d3733, requestedHorizonMs=2500, confidence=100, planning.waypoints=1, offloadTaskId=udp-probe-140, offloadPayload=1024 bytes}"
5g-udp-sender,1783019660423040156,edge4av-real-20260702-multiclient-scalability-run-4,p5g-scale-udp-payload-1024-clients-100,scale,guided-planning,udp,veh-73,veh-73,rsu-1,p5g-scale-udp-payload-1024-clients-100-veh-73-141,ipi-session-1,multiclient-scalability-run-4,veh-73,141,100-clients,default,stationary,unsynced,true,true,clients,100,count,IPI-CooperativeService,1102,1783019660381169597,1783019595606411011,1783019595606434812,1783019660423040156,41.871,,0.024,64816.605,"CooperativeService{guidedPlanning, status=request, vehicleId=0x7665682d3733, requestedHorizonMs=2500, confidence=100, planning.waypoints=1, offloadTaskId=udp-probe-141, offloadPayload=1024 bytes}"
5g-udp-sender,1783019660650988910,edge4av-real-20260702-multiclient-scalability-run-4,p5g-scale-udp-payload-1024-clients-100,scale,guided-planning,udp,veh-73,veh-73,rsu-1,p5g-scale-udp-payload-1024-clients-100-veh-73-142,ipi-session-1,multiclient-scalability-run-4,veh-73,142,100-clients,default,stationary,unsynced,true,true,clients,100,count,IPI-CooperativeService,1102,1783019660623221726,1783019595837041699,1783019595837064311,1783019660650988910,27.767,,0.023,64813.925,"CooperativeService{guidedPlanning, status=request, vehicleId=0x7665682d3733, requestedHorizonMs=2500, confidence=100, planning.waypoints=1, offloadTaskId=udp-probe-142, offloadPayload=1024 bytes}"
5g-udp-sender,1783019660879013163,edge4av-real-20260702-multiclient-scalability-run-4,p5g-scale-udp-payload-1024-clients-100,scale,guided-planning,udp,veh-73,veh-73,rsu-1,p5g-scale-udp-payload-1024-clients-100-veh-73-143,ipi-session-1,multiclient-scalability-run-4,veh-73,143,100-clients,default,stationary,unsynced,true,true,clients,100,count,IPI-CooperativeService,1102,1783019660851132127,1783019596066675851,1783019596066734166,1783019660879013163,27.881,,0.058,64812.279,"CooperativeService{guidedPlanning, status=request, vehicleId=0x7665682d3733, requestedHorizonMs=2500, confidence=100, planning.waypoints=1, offloadTaskId=udp-probe-143, offloadPayload=1024 bytes}"
5g-udp-sender,1783019661122859118,edge4av-real-20260702-multiclient-scalability-run-4,p5g-scale-udp-payload-1024-clients-100,scale,guided-planning,udp,veh-73,veh-73,rsu-1,p5g-scale-udp-payload-1024-clients-100-veh-73-144,ipi-session-1,multiclient-scalability-run-4,veh-73,144,100-clients,default,stationary,unsynced,true,true,clients,100,count,IPI-CooperativeService,1102,1783019661079162129,1783019596307505793,1783019596307528810,1783019661122859118,43.697,,0.023,64815.330,"CooperativeService{guidedPlanning, status=request, vehicleId=0x7665682d3733, requestedHorizonMs=2500, confidence=100, planning.waypoints=1, offloadTaskId=udp-probe-144, offloadPayload=1024 bytes}"
5g-udp-sender,1783019661366865796,edge4av-real-20260702-multiclient-scalability-run-4,p5g-scale-udp-payload-1024-clients-100,scale,guided-planning,udp,veh-73,veh-73,rsu-1,p5g-scale-udp-payload-1024-clients-100-veh-73-145,ipi-session-1,multiclient-scalability-run-4,veh-73,145,100-clients,default,stationary,unsynced,true,true,clients,100,count,IPI-CooperativeService,1102,1783019661323007094,1783019596547719992,1783019596547744228,1783019661366865796,43.859,,0.024,64819.122,"CooperativeService{guidedPlanning, status=request, vehicleId=0x7665682d3733, requestedHorizonMs=2500, confidence=100, planning.waypoints=1, offloadTaskId=udp-probe-145, offloadPayload=1024 bytes}"
5g-udp-sender,1783019661603040518,edge4av-real-20260702-multiclient-scalability-run-4,p5g-scale-udp-payload-1024-clients-100,scale,guided-planning,udp,veh-73,veh-73,rsu-1,p5g-scale-udp-payload-1024-clients-100-veh-73-146,ipi-session-1,multiclient-scalability-run-4,veh-73,146,100-clients,default,stationary,unsynced,true,true,clients,100,count,IPI-CooperativeService,1102,1783019661567020682,1783019596788202015,1783019596788225159,1783019661603040518,36.020,,0.023,64814.815,"CooperativeService{guidedPlanning, status=request, vehicleId=0x7665682d3733, requestedHorizonMs=2500, confidence=100, planning.waypoints=1, offloadTaskId=udp-probe-146, offloadPayload=1024 bytes}"
5g-udp-sender,1783019661854887440,edge4av-real-20260702-multiclient-scalability-run-4,p5g-scale-udp-payload-1024-clients-100,scale,guided-planning,udp,veh-73,veh-73,rsu-1,p5g-scale-udp-payload-1024-clients-100-veh-73-147,ipi-session-1,multiclient-scalability-run-4,veh-73,147,100-clients,default,stationary,unsynced,true,true,clients,100,count,IPI-CooperativeService,1102,1783019661803227178,1783019597028618816,1783019597028644327,1783019661854887440,51.660,,0.026,64826.243,"CooperativeService{guidedPlanning, status=request, vehicleId=0x7665682d3733, requestedHorizonMs=2500, confidence=100, planning.waypoints=1, offloadTaskId=udp-probe-147, offloadPayload=1024 bytes}"
5g-udp-sender,1783019662117106402,edge4av-real-20260702-multiclient-scalability-run-4,p5g-scale-udp-payload-1024-clients-100,scale,guided-planning,udp,veh-73,veh-73,rsu-1,p5g-scale-udp-payload-1024-clients-100-veh-73-148,ipi-session-1,multiclient-scalability-run-4,veh-73,148,100-clients,default,stationary,unsynced,true,true,clients,100,count,IPI-CooperativeService,1102,1783019662055049507,1783019597299430177,1783019597299451533,1783019662117106402,62.057,,0.021,64817.655,"CooperativeService{guidedPlanning, status=request, vehicleId=0x7665682d3733, requestedHorizonMs=2500, confidence=100, planning.waypoints=1, offloadTaskId=udp-probe-148, offloadPayload=1024 bytes}"
5g-udp-sender,1783019662352905856,edge4av-real-20260702-multiclient-scalability-run-4,p5g-scale-udp-payload-1024-clients-100,scale,guided-planning,udp,veh-73,veh-73,rsu-1,p5g-scale-udp-payload-1024-clients-100-veh-73-149,ipi-session-1,multiclient-scalability-run-4,veh-73,149,100-clients,default,stationary,unsynced,true,true,clients,100,count,IPI-CooperativeService,1102,1783019662317267824,1783019597539679825,1783019597539701613,1783019662352905856,35.638,,0.022,64813.204,"CooperativeService{guidedPlanning, status=request, vehicleId=0x7665682d3733, requestedHorizonMs=2500, confidence=100, planning.waypoints=1, offloadTaskId=udp-probe-149, offloadPayload=1024 bytes}"
5g-udp-sender,1783019662600932485,edge4av-real-20260702-multiclient-scalability-run-4,p5g-scale-udp-payload-1024-clients-100,scale,guided-planning,udp,veh-73,veh-73,rsu-1,p5g-scale-udp-payload-1024-clients-100-veh-73-150,ipi-session-1,multiclient-scalability-run-4,veh-73,150,100-clients,default,stationary,unsynced,true,true,clients,100,count,IPI-CooperativeService,1102,1783019662553067252,1783019597779556844,1783019597779606865,1783019662600932485,47.865,,0.050,64821.326,"CooperativeService{guidedPlanning, status=request, vehicleId=0x7665682d3733, requestedHorizonMs=2500, confidence=100, planning.waypoints=1, offloadTaskId=udp-probe-150, offloadPayload=1024 bytes}"
5g-udp-sender,1783019662852822440,edge4av-real-20260702-multiclient-scalability-run-4,p5g-scale-udp-payload-1024-clients-100,scale,guided-planning,udp,veh-73,veh-73,rsu-1,p5g-scale-udp-payload-1024-clients-100-veh-73-151,ipi-session-1,multiclient-scalability-run-4,veh-73,151,100-clients,default,stationary,unsynced,true,true,clients,100,count,IPI-CooperativeService,1102,1783019662801091027,1783019598039666515,1783019598039717824,1783019662852822440,51.731,,0.051,64813.105,"CooperativeService{guidedPlanning, status=request, vehicleId=0x7665682d3733, requestedHorizonMs=2500, confidence=100, planning.waypoints=1, offloadTaskId=udp-probe-151, offloadPayload=1024 bytes}"
5g-udp-sender,1783019663154964318,edge4av-real-20260702-multiclient-scalability-run-4,p5g-scale-udp-payload-1024-clients-100,scale,guided-planning,udp,veh-73,veh-73,rsu-1,p5g-scale-udp-payload-1024-clients-100-veh-73-152,ipi-session-1,multiclient-scalability-run-4,veh-73,152,100-clients,default,stationary,unsynced,true,true,clients,100,count,IPI-CooperativeService,1102,1783019663052975646,1783019598330579866,1783019598330606806,1783019663154964318,101.989,,0.027,64824.358,"CooperativeService{guidedPlanning, status=request, vehicleId=0x7665682d3733, requestedHorizonMs=2500, confidence=100, planning.waypoints=1, offloadTaskId=udp-probe-152, offloadPayload=1024 bytes}"
5g-udp-sender,1783019663454838637,edge4av-real-20260702-multiclient-scalability-run-4,p5g-scale-udp-payload-1024-clients-100,scale,guided-planning,udp,veh-73,veh-73,rsu-1,p5g-scale-udp-payload-1024-clients-100-veh-73-153,ipi-session-1,multiclient-scalability-run-4,veh-73,153,100-clients,default,stationary,unsynced,true,true,clients,100,count,IPI-CooperativeService,1102,1783019663355183410,1783019598641003520,1783019598641029902,1783019663454838637,99.655,,0.026,64813.809,"CooperativeService{guidedPlanning, status=request, vehicleId=0x7665682d3733, requestedHorizonMs=2500, confidence=100, planning.waypoints=1, offloadTaskId=udp-probe-153, offloadPayload=1024 bytes}"
5g-udp-sender,1783019663769018089,edge4av-real-20260702-multiclient-scalability-run-4,p5g-scale-udp-payload-1024-clients-100,scale,guided-planning,udp,veh-73,veh-73,rsu-1,p5g-scale-udp-payload-1024-clients-100-veh-73-154,ipi-session-1,multiclient-scalability-run-4,veh-73,154,100-clients,default,stationary,unsynced,true,true,clients,100,count,IPI-CooperativeService,1102,1783019663654985782,1783019598951853225,1783019598951906385,1783019663769018089,114.032,,0.053,64817.112,"CooperativeService{guidedPlanning, status=request, vehicleId=0x7665682d3733, requestedHorizonMs=2500, confidence=100, planning.waypoints=1, offloadTaskId=udp-probe-154, offloadPayload=1024 bytes}"
5g-udp-sender,1783019664106837152,edge4av-real-20260702-multiclient-scalability-run-4,p5g-scale-udp-payload-1024-clients-100,scale,guided-planning,udp,veh-73,veh-73,rsu-1,p5g-scale-udp-payload-1024-clients-100-veh-73-155,ipi-session-1,multiclient-scalability-run-4,veh-73,155,100-clients,default,stationary,unsynced,true,true,clients,100,count,IPI-CooperativeService,1102,1783019663969171611,1783019599291793512,1783019599291843292,1783019664106837152,137.666,,0.050,64814.994,"CooperativeService{guidedPlanning, status=request, vehicleId=0x7665682d3733, requestedHorizonMs=2500, confidence=100, planning.waypoints=1, offloadTaskId=udp-probe-155, offloadPayload=1024 bytes}"
5g-udp-sender,1783019664432944851,edge4av-real-20260702-multiclient-scalability-run-4,p5g-scale-udp-payload-1024-clients-100,scale,guided-planning,udp,veh-73,veh-73,rsu-1,p5g-scale-udp-payload-1024-clients-100-veh-73-156,ipi-session-1,multiclient-scalability-run-4,veh-73,156,100-clients,default,stationary,unsynced,true,true,clients,100,count,IPI-CooperativeService,1102,1783019664306995490,1783019599612852636,1783019599612901070,1783019664432944851,125.949,,0.048,64820.044,"CooperativeService{guidedPlanning, status=request, vehicleId=0x7665682d3733, requestedHorizonMs=2500, confidence=100, planning.waypoints=1, offloadTaskId=udp-probe-156, offloadPayload=1024 bytes}"
5g-udp-sender,1783019664766953294,edge4av-real-20260702-multiclient-scalability-run-4,p5g-scale-udp-payload-1024-clients-100,scale,guided-planning,udp,veh-73,veh-73,rsu-1,p5g-scale-udp-payload-1024-clients-100-veh-73-157,ipi-session-1,multiclient-scalability-run-4,veh-73,157,100-clients,default,stationary,unsynced,true,true,clients,100,count,IPI-CooperativeService,1102,1783019664633098965,1783019599952731346,1783019599952783613,1783019664766953294,133.854,,0.052,64814.170,"CooperativeService{guidedPlanning, status=request, vehicleId=0x7665682d3733, requestedHorizonMs=2500, confidence=100, planning.waypoints=1, offloadTaskId=udp-probe-157, offloadPayload=1024 bytes}"
5g-udp-sender,1783019665124905333,edge4av-real-20260702-multiclient-scalability-run-4,p5g-scale-udp-payload-1024-clients-100,scale,guided-planning,udp,veh-73,veh-73,rsu-1,p5g-scale-udp-payload-1024-clients-100-veh-73-158,ipi-session-1,multiclient-scalability-run-4,veh-73,158,100-clients,default,stationary,unsynced,true,true,clients,100,count,IPI-CooperativeService,1102,1783019664967119343,1783019600304173545,1783019600304197883,1783019665124905333,157.786,,0.024,64820.707,"CooperativeService{guidedPlanning, status=request, vehicleId=0x7665682d3733, requestedHorizonMs=2500, confidence=100, planning.waypoints=1, offloadTaskId=udp-probe-158, offloadPayload=1024 bytes}"
5g-udp-sender,1783019665402894355,edge4av-real-20260702-multiclient-scalability-run-4,p5g-scale-udp-payload-1024-clients-100,scale,guided-planning,udp,veh-73,veh-73,rsu-1,p5g-scale-udp-payload-1024-clients-100-veh-73-159,ipi-session-1,multiclient-scalability-run-4,veh-73,159,100-clients,default,stationary,unsynced,true,true,clients,100,count,IPI-CooperativeService,1102,1783019665325091577,1783019600584191655,1783019600584214704,1783019665402894355,77.803,,0.023,64818.680,"CooperativeService{guidedPlanning, status=request, vehicleId=0x7665682d3733, requestedHorizonMs=2500, confidence=100, planning.waypoints=1, offloadTaskId=udp-probe-159, offloadPayload=1024 bytes}"
5g-udp-sender,1783019665647057349,edge4av-real-20260702-multiclient-scalability-run-4,p5g-scale-udp-payload-1024-clients-100,scale,guided-planning,udp,veh-73,veh-73,rsu-1,p5g-scale-udp-payload-1024-clients-100-veh-73-160,ipi-session-1,multiclient-scalability-run-4,veh-73,160,100-clients,default,stationary,unsynced,true,true,clients,100,count,IPI-CooperativeService,1102,1783019665603069056,1783019600834173296,1783019600834237219,1783019665647057349,43.988,,0.064,64812.820,"CooperativeService{guidedPlanning, status=request, vehicleId=0x7665682d3733, requestedHorizonMs=2500, confidence=100, planning.waypoints=1, offloadTaskId=udp-probe-160, offloadPayload=1024 bytes}"
5g-udp-sender,1783019665898956726,edge4av-real-20260702-multiclient-scalability-run-4,p5g-scale-udp-payload-1024-clients-100,scale,guided-planning,udp,veh-73,veh-73,rsu-1,p5g-scale-udp-payload-1024-clients-100-veh-73-161,ipi-session-1,multiclient-scalability-run-4,veh-73,161,100-clients,default,stationary,unsynced,true,true,clients,100,count,IPI-CooperativeService,1102,1783019665847204446,1783019601084959932,1783019601084987473,1783019665898956726,51.752,,0.028,64813.969,"CooperativeService{guidedPlanning, status=request, vehicleId=0x7665682d3733, requestedHorizonMs=2500, confidence=100, planning.waypoints=1, offloadTaskId=udp-probe-161, offloadPayload=1024 bytes}"
5g-udp-sender,1783019666142969811,edge4av-real-20260702-multiclient-scalability-run-4,p5g-scale-udp-payload-1024-clients-100,scale,guided-planning,udp,veh-73,veh-73,rsu-1,p5g-scale-udp-payload-1024-clients-100-veh-73-162,ipi-session-1,multiclient-scalability-run-4,veh-73,162,100-clients,default,stationary,unsynced,true,true,clients,100,count,IPI-CooperativeService,1102,1783019666099130023,1783019601325580367,1783019601325602794,1783019666142969811,43.840,,0.022,64817.367,"CooperativeService{guidedPlanning, status=request, vehicleId=0x7665682d3733, requestedHorizonMs=2500, confidence=100, planning.waypoints=1, offloadTaskId=udp-probe-162, offloadPayload=1024 bytes}"
5g-udp-sender,1783019666378941646,edge4av-real-20260702-multiclient-scalability-run-4,p5g-scale-udp-payload-1024-clients-100,scale,guided-planning,udp,veh-73,veh-73,rsu-1,p5g-scale-udp-payload-1024-clients-100-veh-73-163,ipi-session-1,multiclient-scalability-run-4,veh-73,163,100-clients,default,stationary,unsynced,true,true,clients,100,count,IPI-CooperativeService,1102,1783019666343126901,1783019601566058443,1783019601566081117,1783019666378941646,35.815,,0.023,64812.861,"CooperativeService{guidedPlanning, status=request, vehicleId=0x7665682d3733, requestedHorizonMs=2500, confidence=100, planning.waypoints=1, offloadTaskId=udp-probe-163, offloadPayload=1024 bytes}"
5g-udp-sender,1783019666609002555,edge4av-real-20260702-multiclient-scalability-run-4,p5g-scale-udp-payload-1024-clients-100,scale,guided-planning,udp,veh-73,veh-73,rsu-1,p5g-scale-udp-payload-1024-clients-100-veh-73-164,ipi-session-1,multiclient-scalability-run-4,veh-73,164,100-clients,default,stationary,unsynced,true,true,clients,100,count,IPI-CooperativeService,1102,1783019666579087296,1783019601796258690,1783019601796281995,1783019666609002555,29.915,,0.023,64812.721,"CooperativeService{guidedPlanning, status=request, vehicleId=0x7665682d3733, requestedHorizonMs=2500, confidence=100, planning.waypoints=1, offloadTaskId=udp-probe-164, offloadPayload=1024 bytes}"
5g-udp-sender,1783019666840871196,edge4av-real-20260702-multiclient-scalability-run-4,p5g-scale-udp-payload-1024-clients-100,scale,guided-planning,udp,veh-73,veh-73,rsu-1,p5g-scale-udp-payload-1024-clients-100-veh-73-165,ipi-session-1,multiclient-scalability-run-4,veh-73,165,100-clients,default,stationary,unsynced,true,true,clients,100,count,IPI-CooperativeService,1102,1783019666809182056,1783019602026677061,1783019602026705655,1783019666840871196,31.689,,0.029,64814.166,"CooperativeService{guidedPlanning, status=request, vehicleId=0x7665682d3733, requestedHorizonMs=2500, confidence=100, planning.waypoints=1, offloadTaskId=udp-probe-165, offloadPayload=1024 bytes}"
5g-udp-sender,1783019667081034735,edge4av-real-20260702-multiclient-scalability-run-4,p5g-scale-udp-payload-1024-clients-100,scale,guided-planning,udp,veh-73,veh-73,rsu-1,p5g-scale-udp-payload-1024-clients-100-veh-73-166,ipi-session-1,multiclient-scalability-run-4,veh-73,166,100-clients,default,stationary,unsynced,true,true,clients,100,count,IPI-CooperativeService,1102,1783019667041021401,1783019602267007144,1783019602267030232,1783019667081034735,40.013,,0.023,64814.005,"CooperativeService{guidedPlanning, status=request, vehicleId=0x7665682d3733, requestedHorizonMs=2500, confidence=100, planning.waypoints=1, offloadTaskId=udp-probe-166, offloadPayload=1024 bytes}"
5g-udp-sender,1783019667322978716,edge4av-real-20260702-multiclient-scalability-run-4,p5g-scale-udp-payload-1024-clients-100,scale,guided-planning,udp,veh-73,veh-73,rsu-1,p5g-scale-udp-payload-1024-clients-100-veh-73-167,ipi-session-1,multiclient-scalability-run-4,veh-73,167,100-clients,default,stationary,unsynced,true,true,clients,100,count,IPI-CooperativeService,1102,1783019667281184052,1783019602507518865,1783019602507541024,1783019667322978716,41.795,,0.022,64815.438,"CooperativeService{guidedPlanning, status=request, vehicleId=0x7665682d3733, requestedHorizonMs=2500, confidence=100, planning.waypoints=1, offloadTaskId=udp-probe-167, offloadPayload=1024 bytes}"
5g-udp-sender,1783019667584982809,edge4av-real-20260702-multiclient-scalability-run-4,p5g-scale-udp-payload-1024-clients-100,scale,guided-planning,udp,veh-73,veh-73,rsu-1,p5g-scale-udp-payload-1024-clients-100-veh-73-168,ipi-session-1,multiclient-scalability-run-4,veh-73,168,100-clients,default,stationary,unsynced,true,true,clients,100,count,IPI-CooperativeService,1102,1783019667523135063,1783019602767681487,1783019602767704495,1783019667584982809,61.848,,0.023,64817.278,"CooperativeService{guidedPlanning, status=request, vehicleId=0x7665682d3733, requestedHorizonMs=2500, confidence=100, planning.waypoints=1, offloadTaskId=udp-probe-168, offloadPayload=1024 bytes}"
5g-udp-sender,1783019667854919936,edge4av-real-20260702-multiclient-scalability-run-4,p5g-scale-udp-payload-1024-clients-100,scale,guided-planning,udp,veh-73,veh-73,rsu-1,p5g-scale-udp-payload-1024-clients-100-veh-73-169,ipi-session-1,multiclient-scalability-run-4,veh-73,169,100-clients,default,stationary,unsynced,true,true,clients,100,count,IPI-CooperativeService,1102,1783019667785136325,1783019603038112157,1783019603038135133,1783019667854919936,69.784,,0.023,64816.785,"CooperativeService{guidedPlanning, status=request, vehicleId=0x7665682d3733, requestedHorizonMs=2500, confidence=100, planning.waypoints=1, offloadTaskId=udp-probe-169, offloadPayload=1024 bytes}"
5g-udp-sender,1783019668122899869,edge4av-real-20260702-multiclient-scalability-run-4,p5g-scale-udp-payload-1024-clients-100,scale,guided-planning,udp,veh-73,veh-73,rsu-1,p5g-scale-udp-payload-1024-clients-100-veh-73-170,ipi-session-1,multiclient-scalability-run-4,veh-73,170,100-clients,default,stationary,unsynced,true,true,clients,100,count,IPI-CooperativeService,1102,1783019668055080220,1783019603308415819,1783019603308443106,1783019668122899869,67.820,,0.027,64814.457,"CooperativeService{guidedPlanning, status=request, vehicleId=0x7665682d3733, requestedHorizonMs=2500, confidence=100, planning.waypoints=1, offloadTaskId=udp-probe-170, offloadPayload=1024 bytes}"
5g-udp-sender,1783019668392995591,edge4av-real-20260702-multiclient-scalability-run-4,p5g-scale-udp-payload-1024-clients-100,scale,guided-planning,udp,veh-73,veh-73,rsu-1,p5g-scale-udp-payload-1024-clients-100-veh-73-171,ipi-session-1,multiclient-scalability-run-4,veh-73,171,100-clients,default,stationary,unsynced,true,true,clients,100,count,IPI-CooperativeService,1102,1783019668323085679,1783019603578944503,1783019603578968439,1783019668392995591,69.910,,0.024,64814.027,"CooperativeService{guidedPlanning, status=request, vehicleId=0x7665682d3733, requestedHorizonMs=2500, confidence=100, planning.waypoints=1, offloadTaskId=udp-probe-171, offloadPayload=1024 bytes}"
5g-udp-sender,1783019668661850123,edge4av-real-20260702-multiclient-scalability-run-4,p5g-scale-udp-payload-1024-clients-100,scale,guided-planning,udp,veh-73,veh-73,rsu-1,p5g-scale-udp-payload-1024-clients-100-veh-73-172,ipi-session-1,multiclient-scalability-run-4,veh-73,172,100-clients,default,stationary,unsynced,true,true,clients,100,count,IPI-CooperativeService,1102,1783019668593139134,1783019603848981301,1783019603849030199,1783019668661850123,68.711,,0.049,64812.820,"CooperativeService{guidedPlanning, status=request, vehicleId=0x7665682d3733, requestedHorizonMs=2500, confidence=100, planning.waypoints=1, offloadTaskId=udp-probe-172, offloadPayload=1024 bytes}"
5g-udp-sender,1783019668906929552,edge4av-real-20260702-multiclient-scalability-run-4,p5g-scale-udp-payload-1024-clients-100,scale,guided-planning,udp,veh-73,veh-73,rsu-1,p5g-scale-udp-payload-1024-clients-100-veh-73-173,ipi-session-1,multiclient-scalability-run-4,veh-73,173,100-clients,default,stationary,unsynced,true,true,clients,100,count,IPI-CooperativeService,1102,1783019668862001156,1783019604089887003,1783019604089909915,1783019668906929552,44.928,,0.023,64817.020,"CooperativeService{guidedPlanning, status=request, vehicleId=0x7665682d3733, requestedHorizonMs=2500, confidence=100, planning.waypoints=1, offloadTaskId=udp-probe-173, offloadPayload=1024 bytes}"
5g-udp-sender,1783019669149010247,edge4av-real-20260702-multiclient-scalability-run-4,p5g-scale-udp-payload-1024-clients-100,scale,guided-planning,udp,veh-73,veh-73,rsu-1,p5g-scale-udp-payload-1024-clients-100-veh-73-174,ipi-session-1,multiclient-scalability-run-4,veh-73,174,100-clients,default,stationary,unsynced,true,true,clients,100,count,IPI-CooperativeService,1102,1783019669107079862,1783019604330283417,1783019604330312765,1783019669149010247,41.930,,0.029,64818.697,"CooperativeService{guidedPlanning, status=request, vehicleId=0x7665682d3733, requestedHorizonMs=2500, confidence=100, planning.waypoints=1, offloadTaskId=udp-probe-174, offloadPayload=1024 bytes}"
5g-udp-sender,1783019669388993342,edge4av-real-20260702-multiclient-scalability-run-4,p5g-scale-udp-payload-1024-clients-100,scale,guided-planning,udp,veh-73,veh-73,rsu-1,p5g-scale-udp-payload-1024-clients-100-veh-73-175,ipi-session-1,multiclient-scalability-run-4,veh-73,175,100-clients,default,stationary,unsynced,true,true,clients,100,count,IPI-CooperativeService,1102,1783019669349160860,1783019604570505026,1783019604570532853,1783019669388993342,39.832,,0.028,64818.460,"CooperativeService{guidedPlanning, status=request, vehicleId=0x7665682d3733, requestedHorizonMs=2500, confidence=100, planning.waypoints=1, offloadTaskId=udp-probe-175, offloadPayload=1024 bytes}"
5g-udp-sender,1783019669628977044,edge4av-real-20260702-multiclient-scalability-run-4,p5g-scale-udp-payload-1024-clients-100,scale,guided-planning,udp,veh-73,veh-73,rsu-1,p5g-scale-udp-payload-1024-clients-100-veh-73-176,ipi-session-1,multiclient-scalability-run-4,veh-73,176,100-clients,default,stationary,unsynced,true,true,clients,100,count,IPI-CooperativeService,1102,1783019669589144355,1783019604810707227,1783019604810734160,1783019669628977044,39.833,,0.027,64818.243,"CooperativeService{guidedPlanning, status=request, vehicleId=0x7665682d3733, requestedHorizonMs=2500, confidence=100, planning.waypoints=1, offloadTaskId=udp-probe-176, offloadPayload=1024 bytes}"
5g-udp-sender,1783019669859028391,edge4av-real-20260702-multiclient-scalability-run-4,p5g-scale-udp-payload-1024-clients-100,scale,guided-planning,udp,veh-73,veh-73,rsu-1,p5g-scale-udp-payload-1024-clients-100-veh-73-177,ipi-session-1,multiclient-scalability-run-4,veh-73,177,100-clients,default,stationary,unsynced,true,true,clients,100,count,IPI-CooperativeService,1102,1783019669829165224,1783019605040951123,1783019605040959375,1783019669859028391,29.863,,0.008,64818.069,"CooperativeService{guidedPlanning, status=request, vehicleId=0x7665682d3733, requestedHorizonMs=2500, confidence=100, planning.waypoints=1, offloadTaskId=udp-probe-177, offloadPayload=1024 bytes}"
5g-udp-sender,1783019670104915729,edge4av-real-20260702-multiclient-scalability-run-4,p5g-scale-udp-payload-1024-clients-100,scale,guided-planning,udp,veh-73,veh-73,rsu-1,p5g-scale-udp-payload-1024-clients-100-veh-73-178,ipi-session-1,multiclient-scalability-run-4,veh-73,178,100-clients,default,stationary,unsynced,true,true,clients,100,count,IPI-CooperativeService,1102,1783019670059239261,1783019605291252411,1783019605291302605,1783019670104915729,45.676,,0.050,64813.613,"CooperativeService{guidedPlanning, status=request, vehicleId=0x7665682d3733, requestedHorizonMs=2500, confidence=100, planning.waypoints=1, offloadTaskId=udp-probe-178, offloadPayload=1024 bytes}"
5g-udp-sender,1783019670356990388,edge4av-real-20260702-multiclient-scalability-run-4,p5g-scale-udp-payload-1024-clients-100,scale,guided-planning,udp,veh-73,veh-73,rsu-1,p5g-scale-udp-payload-1024-clients-100-veh-73-179,ipi-session-1,multiclient-scalability-run-4,veh-73,179,100-clients,default,stationary,unsynced,true,true,clients,100,count,IPI-CooperativeService,1102,1783019670305060809,1783019605541891737,1783019605541920558,1783019670356990388,51.930,,0.029,64815.070,"CooperativeService{guidedPlanning, status=request, vehicleId=0x7665682d3733, requestedHorizonMs=2500, confidence=100, planning.waypoints=1, offloadTaskId=udp-probe-179, offloadPayload=1024 bytes}"
5g-udp-sender,1783019670726858233,edge4av-real-20260702-multiclient-scalability-run-4,p5g-scale-udp-payload-1024-clients-100,scale,guided-planning,udp,veh-73,veh-73,rsu-1,p5g-scale-udp-payload-1024-clients-100-veh-73-180,ipi-session-1,multiclient-scalability-run-4,veh-73,180,100-clients,default,stationary,unsynced,true,true,clients,100,count,IPI-CooperativeService,1102,1783019670557175998,1783019605912389999,1783019605912416701,1783019670726858233,169.682,,0.027,64814.442,"CooperativeService{guidedPlanning, status=request, vehicleId=0x7665682d3733, requestedHorizonMs=2500, confidence=100, planning.waypoints=1, offloadTaskId=udp-probe-180, offloadPayload=1024 bytes}"
5g-udp-sender,1783019670948979307,edge4av-real-20260702-multiclient-scalability-run-4,p5g-scale-udp-payload-1024-clients-100,scale,guided-planning,udp,veh-73,veh-73,rsu-1,p5g-scale-udp-payload-1024-clients-100-veh-73-181,ipi-session-1,multiclient-scalability-run-4,veh-73,181,100-clients,default,stationary,unsynced,true,true,clients,100,count,IPI-CooperativeService,1102,1783019670927041525,1783019606132912699,1783019606132939681,1783019670948979307,21.938,,0.027,64816.040,"CooperativeService{guidedPlanning, status=request, vehicleId=0x7665682d3733, requestedHorizonMs=2500, confidence=100, planning.waypoints=1, offloadTaskId=udp-probe-181, offloadPayload=1024 bytes}"
5g-udp-sender,1783019671186865248,edge4av-real-20260702-multiclient-scalability-run-4,p5g-scale-udp-payload-1024-clients-100,scale,guided-planning,udp,veh-73,veh-73,rsu-1,p5g-scale-udp-payload-1024-clients-100-veh-73-182,ipi-session-1,multiclient-scalability-run-4,veh-73,182,100-clients,default,stationary,unsynced,true,true,clients,100,count,IPI-CooperativeService,1102,1783019671149128852,1783019606373068997,1783019606373098317,1783019671186865248,37.736,,0.029,64813.767,"CooperativeService{guidedPlanning, status=request, vehicleId=0x7665682d3733, requestedHorizonMs=2500, confidence=100, planning.waypoints=1, offloadTaskId=udp-probe-182, offloadPayload=1024 bytes}"
5g-udp-sender,1783019671444912414,edge4av-real-20260702-multiclient-scalability-run-4,p5g-scale-udp-payload-1024-clients-100,scale,guided-planning,udp,veh-73,veh-73,rsu-1,p5g-scale-udp-payload-1024-clients-100-veh-73-183,ipi-session-1,multiclient-scalability-run-4,veh-73,183,100-clients,default,stationary,unsynced,true,true,clients,100,count,IPI-CooperativeService,1102,1783019671387018363,1783019606623934556,1783019606623959958,1783019671444912414,57.894,,0.025,64820.952,"CooperativeService{guidedPlanning, status=request, vehicleId=0x7665682d3733, requestedHorizonMs=2500, confidence=100, planning.waypoints=1, offloadTaskId=udp-probe-183, offloadPayload=1024 bytes}"
5g-udp-sender,1783019671681026411,edge4av-real-20260702-multiclient-scalability-run-4,p5g-scale-udp-payload-1024-clients-100,scale,guided-planning,udp,veh-73,veh-73,rsu-1,p5g-scale-udp-payload-1024-clients-100-veh-73-184,ipi-session-1,multiclient-scalability-run-4,veh-73,184,100-clients,default,stationary,unsynced,true,true,clients,100,count,IPI-CooperativeService,1102,1783019671645140123,1783019606864223138,1783019606864268423,1783019671681026411,35.886,,0.045,64816.758,"CooperativeService{guidedPlanning, status=request, vehicleId=0x7665682d3733, requestedHorizonMs=2500, confidence=100, planning.waypoints=1, offloadTaskId=udp-probe-184, offloadPayload=1024 bytes}"
5g-udp-sender,1783019671908953500,edge4av-real-20260702-multiclient-scalability-run-4,p5g-scale-udp-payload-1024-clients-100,scale,guided-planning,udp,veh-73,veh-73,rsu-1,p5g-scale-udp-payload-1024-clients-100-veh-73-185,ipi-session-1,multiclient-scalability-run-4,veh-73,185,100-clients,default,stationary,unsynced,true,true,clients,100,count,IPI-CooperativeService,1102,1783019671881178877,1783019607094649610,1783019607094672886,1783019671908953500,27.775,,0.023,64814.281,"CooperativeService{guidedPlanning, status=request, vehicleId=0x7665682d3733, requestedHorizonMs=2500, confidence=100, planning.waypoints=1, offloadTaskId=udp-probe-185, offloadPayload=1024 bytes}"
5g-udp-sender,1783019672146985156,edge4av-real-20260702-multiclient-scalability-run-4,p5g-scale-udp-payload-1024-clients-100,scale,guided-planning,udp,veh-73,veh-73,rsu-1,p5g-scale-udp-payload-1024-clients-100-veh-73-186,ipi-session-1,multiclient-scalability-run-4,veh-73,186,100-clients,default,stationary,unsynced,true,true,clients,100,count,IPI-CooperativeService,1102,1783019672109101285,1783019607334394265,1783019607334444576,1783019672146985156,37.884,,0.050,64812.541,"CooperativeService{guidedPlanning, status=request, vehicleId=0x7665682d3733, requestedHorizonMs=2500, confidence=100, planning.waypoints=1, offloadTaskId=udp-probe-186, offloadPayload=1024 bytes}"
5g-udp-sender,1783019672392933056,edge4av-real-20260702-multiclient-scalability-run-4,p5g-scale-udp-payload-1024-clients-100,scale,guided-planning,udp,veh-73,veh-73,rsu-1,p5g-scale-udp-payload-1024-clients-100-veh-73-187,ipi-session-1,multiclient-scalability-run-4,veh-73,187,100-clients,default,stationary,unsynced,true,true,clients,100,count,IPI-CooperativeService,1102,1783019672347134110,1783019607575086563,1783019607575115265,1783019672392933056,45.799,,0.029,64817.818,"CooperativeService{guidedPlanning, status=request, vehicleId=0x7665682d3733, requestedHorizonMs=2500, confidence=100, planning.waypoints=1, offloadTaskId=udp-probe-187, offloadPayload=1024 bytes}"
5g-udp-sender,1783019672636931051,edge4av-real-20260702-multiclient-scalability-run-4,p5g-scale-udp-payload-1024-clients-100,scale,guided-planning,udp,veh-73,veh-73,rsu-1,p5g-scale-udp-payload-1024-clients-100-veh-73-188,ipi-session-1,multiclient-scalability-run-4,veh-73,188,100-clients,default,stationary,unsynced,true,true,clients,100,count,IPI-CooperativeService,1102,1783019672593115711,1783019607825529479,1783019607825579136,1783019672636931051,43.815,,0.050,64811.352,"CooperativeService{guidedPlanning, status=request, vehicleId=0x7665682d3733, requestedHorizonMs=2500, confidence=100, planning.waypoints=1, offloadTaskId=udp-probe-188, offloadPayload=1024 bytes}"
5g-udp-sender,1783019672869082587,edge4av-real-20260702-multiclient-scalability-run-4,p5g-scale-udp-payload-1024-clients-100,scale,guided-planning,udp,veh-73,veh-73,rsu-1,p5g-scale-udp-payload-1024-clients-100-veh-73-189,ipi-session-1,multiclient-scalability-run-4,veh-73,189,100-clients,default,stationary,unsynced,true,true,clients,100,count,IPI-CooperativeService,1102,1783019672837056542,1783019608055815293,1783019608055838042,1783019672869082587,32.026,,0.023,64813.245,"CooperativeService{guidedPlanning, status=request, vehicleId=0x7665682d3733, requestedHorizonMs=2500, confidence=100, planning.waypoints=1, offloadTaskId=udp-probe-189, offloadPayload=1024 bytes}"
5g-udp-sender,1783019673108861991,edge4av-real-20260702-multiclient-scalability-run-4,p5g-scale-udp-payload-1024-clients-100,scale,guided-planning,udp,veh-73,veh-73,rsu-1,p5g-scale-udp-payload-1024-clients-100-veh-73-190,ipi-session-1,multiclient-scalability-run-4,veh-73,190,100-clients,default,stationary,unsynced,true,true,clients,100,count,IPI-CooperativeService,1102,1783019673069303992,1783019608295920039,1783019608295969771,1783019673108861991,39.558,,0.050,64812.892,"CooperativeService{guidedPlanning, status=request, vehicleId=0x7665682d3733, requestedHorizonMs=2500, confidence=100, planning.waypoints=1, offloadTaskId=udp-probe-190, offloadPayload=1024 bytes}"
5g-udp-sender,1783019673342911691,edge4av-real-20260702-multiclient-scalability-run-4,p5g-scale-udp-payload-1024-clients-100,scale,guided-planning,udp,veh-73,veh-73,rsu-1,p5g-scale-udp-payload-1024-clients-100-veh-73-191,ipi-session-1,multiclient-scalability-run-4,veh-73,191,100-clients,default,stationary,unsynced,true,true,clients,100,count,IPI-CooperativeService,1102,1783019673309011242,1783019608526860321,1783019608526885378,1783019673342911691,33.900,,0.025,64816.026,"CooperativeService{guidedPlanning, status=request, vehicleId=0x7665682d3733, requestedHorizonMs=2500, confidence=100, planning.waypoints=1, offloadTaskId=udp-probe-191, offloadPayload=1024 bytes}"
5g-udp-sender,1783019673579034664,edge4av-real-20260702-multiclient-scalability-run-4,p5g-scale-udp-payload-1024-clients-100,scale,guided-planning,udp,veh-73,veh-73,rsu-1,p5g-scale-udp-payload-1024-clients-100-veh-73-192,ipi-session-1,multiclient-scalability-run-4,veh-73,192,100-clients,default,stationary,unsynced,true,true,clients,100,count,IPI-CooperativeService,1102,1783019673543091546,1783019608766963639,1783019608767013442,1783019673579034664,35.943,,0.050,64812.021,"CooperativeService{guidedPlanning, status=request, vehicleId=0x7665682d3733, requestedHorizonMs=2500, confidence=100, planning.waypoints=1, offloadTaskId=udp-probe-192, offloadPayload=1024 bytes}"
5g-udp-sender,1783019673816929811,edge4av-real-20260702-multiclient-scalability-run-4,p5g-scale-udp-payload-1024-clients-100,scale,guided-planning,udp,veh-73,veh-73,rsu-1,p5g-scale-udp-payload-1024-clients-100-veh-73-193,ipi-session-1,multiclient-scalability-run-4,veh-73,193,100-clients,default,stationary,unsynced,true,true,clients,100,count,IPI-CooperativeService,1102,1783019673779183206,1783019608997564130,1783019608997585973,1783019673816929811,37.747,,0.022,64819.344,"CooperativeService{guidedPlanning, status=request, vehicleId=0x7665682d3733, requestedHorizonMs=2500, confidence=100, planning.waypoints=1, offloadTaskId=udp-probe-193, offloadPayload=1024 bytes}"
5g-udp-sender,1783019674049203611,edge4av-real-20260702-multiclient-scalability-run-4,p5g-scale-udp-payload-1024-clients-100,scale,guided-planning,udp,veh-73,veh-73,rsu-1,p5g-scale-udp-payload-1024-clients-100-veh-73-194,ipi-session-1,multiclient-scalability-run-4,veh-73,194,100-clients,default,stationary,unsynced,true,true,clients,100,count,IPI-CooperativeService,1102,1783019674017076975,1783019609228267588,1783019609228289722,1783019674049203611,32.127,,0.022,64820.914,"CooperativeService{guidedPlanning, status=request, vehicleId=0x7665682d3733, requestedHorizonMs=2500, confidence=100, planning.waypoints=1, offloadTaskId=udp-probe-194, offloadPayload=1024 bytes}"
5g-udp-sender,1783019674289016175,edge4av-real-20260702-multiclient-scalability-run-4,p5g-scale-udp-payload-1024-clients-100,scale,guided-planning,udp,veh-73,veh-73,rsu-1,p5g-scale-udp-payload-1024-clients-100-veh-73-195,ipi-session-1,multiclient-scalability-run-4,veh-73,195,100-clients,default,stationary,unsynced,true,true,clients,100,count,IPI-CooperativeService,1102,1783019674249355122,1783019609477977385,1783019609478027893,1783019674289016175,39.661,,0.051,64810.988,"CooperativeService{guidedPlanning, status=request, vehicleId=0x7665682d3733, requestedHorizonMs=2500, confidence=100, planning.waypoints=1, offloadTaskId=udp-probe-195, offloadPayload=1024 bytes}"
5g-udp-sender,1783019674533036659,edge4av-real-20260702-multiclient-scalability-run-4,p5g-scale-udp-payload-1024-clients-100,scale,guided-planning,udp,veh-73,veh-73,rsu-1,p5g-scale-udp-payload-1024-clients-100-veh-73-196,ipi-session-1,multiclient-scalability-run-4,veh-73,196,100-clients,default,stationary,unsynced,true,true,clients,100,count,IPI-CooperativeService,1102,1783019674489203869,1783019609718673775,1783019609718700335,1783019674533036659,43.833,,0.027,64814.336,"CooperativeService{guidedPlanning, status=request, vehicleId=0x7665682d3733, requestedHorizonMs=2500, confidence=100, planning.waypoints=1, offloadTaskId=udp-probe-196, offloadPayload=1024 bytes}"
5g-udp-sender,1783019674773007921,edge4av-real-20260702-multiclient-scalability-run-4,p5g-scale-udp-payload-1024-clients-100,scale,guided-planning,udp,veh-73,veh-73,rsu-1,p5g-scale-udp-payload-1024-clients-100-veh-73-197,ipi-session-1,multiclient-scalability-run-4,veh-73,197,100-clients,default,stationary,unsynced,true,true,clients,100,count,IPI-CooperativeService,1102,1783019674733180043,1783019609958882680,1783019609958932057,1783019674773007921,39.828,,0.049,64814.076,"CooperativeService{guidedPlanning, status=request, vehicleId=0x7665682d3733, requestedHorizonMs=2500, confidence=100, planning.waypoints=1, offloadTaskId=udp-probe-197, offloadPayload=1024 bytes}"
5g-udp-sender,1783019675015127498,edge4av-real-20260702-multiclient-scalability-run-4,p5g-scale-udp-payload-1024-clients-100,scale,guided-planning,udp,veh-73,veh-73,rsu-1,p5g-scale-udp-payload-1024-clients-100-veh-73-198,ipi-session-1,multiclient-scalability-run-4,veh-73,198,100-clients,default,stationary,unsynced,true,true,clients,100,count,IPI-CooperativeService,1102,1783019674973148582,1783019610199847656,1783019610199871457,1783019675015127498,41.979,,0.024,64815.256,"CooperativeService{guidedPlanning, status=request, vehicleId=0x7665682d3733, requestedHorizonMs=2500, confidence=100, planning.waypoints=1, offloadTaskId=udp-probe-198, offloadPayload=1024 bytes}"
5g-udp-sender,1783019675258941856,edge4av-real-20260702-multiclient-scalability-run-4,p5g-scale-udp-payload-1024-clients-100,scale,guided-planning,udp,veh-73,veh-73,rsu-1,p5g-scale-udp-payload-1024-clients-100-veh-73-199,ipi-session-1,multiclient-scalability-run-4,veh-73,199,100-clients,default,stationary,unsynced,true,true,clients,100,count,IPI-CooperativeService,1102,1783019675215277865,1783019610440305620,1783019610440329724,1783019675258941856,43.664,,0.024,64818.612,"CooperativeService{guidedPlanning, status=request, vehicleId=0x7665682d3733, requestedHorizonMs=2500, confidence=100, planning.waypoints=1, offloadTaskId=udp-probe-199, offloadPayload=1024 bytes}"
5g-udp-sender,1783019675508900100,edge4av-real-20260702-multiclient-scalability-run-4,p5g-scale-udp-payload-1024-clients-100,scale,guided-planning,udp,veh-73,veh-73,rsu-1,p5g-scale-udp-payload-1024-clients-100-veh-73-200,ipi-session-1,multiclient-scalability-run-4,veh-73,200,100-clients,default,stationary,unsynced,true,true,clients,100,count,IPI-CooperativeService,1102,1783019675459102327,1783019610690470653,1783019610690499126,1783019675508900100,49.798,,0.028,64818.401,"CooperativeService{guidedPlanning, status=request, vehicleId=0x7665682d3733, requestedHorizonMs=2500, confidence=100, planning.waypoints=1, offloadTaskId=udp-probe-200, offloadPayload=1024 bytes}"
5g-udp-sender,1783019675739086596,edge4av-real-20260702-multiclient-scalability-run-4,p5g-scale-udp-payload-1024-clients-100,scale,guided-planning,udp,veh-73,veh-73,rsu-1,p5g-scale-udp-payload-1024-clients-100-veh-73-201,ipi-session-1,multiclient-scalability-run-4,veh-73,201,100-clients,default,stationary,unsynced,true,true,clients,100,count,IPI-CooperativeService,1102,1783019675709050490,1783019610921039453,1783019610921064822,1783019675739086596,30.036,,0.025,64818.022,"CooperativeService{guidedPlanning, status=request, vehicleId=0x7665682d3733, requestedHorizonMs=2500, confidence=100, planning.waypoints=1, offloadTaskId=udp-probe-201, offloadPayload=1024 bytes}"
5g-udp-sender,1783019675975058880,edge4av-real-20260702-multiclient-scalability-run-4,p5g-scale-udp-payload-1024-clients-100,scale,guided-planning,udp,veh-73,veh-73,rsu-1,p5g-scale-udp-payload-1024-clients-100-veh-73-202,ipi-session-1,multiclient-scalability-run-4,veh-73,202,100-clients,default,stationary,unsynced,true,true,clients,100,count,IPI-CooperativeService,1102,1783019675939279640,1783019611161254832,1783019611161283295,1783019675975058880,35.779,,0.028,64813.776,"CooperativeService{guidedPlanning, status=request, vehicleId=0x7665682d3733, requestedHorizonMs=2500, confidence=100, planning.waypoints=1, offloadTaskId=udp-probe-202, offloadPayload=1024 bytes}"
5g-udp-sender,1783019676236919289,edge4av-real-20260702-multiclient-scalability-run-4,p5g-scale-udp-payload-1024-clients-100,scale,guided-planning,udp,veh-73,veh-73,rsu-1,p5g-scale-udp-payload-1024-clients-100-veh-73-203,ipi-session-1,multiclient-scalability-run-4,veh-73,203,100-clients,default,stationary,unsynced,true,true,clients,100,count,IPI-CooperativeService,1102,1783019676175231213,1783019611421891166,1783019611421917686,1783019676236919289,61.688,,0.027,64815.002,"CooperativeService{guidedPlanning, status=request, vehicleId=0x7665682d3733, requestedHorizonMs=2500, confidence=100, planning.waypoints=1, offloadTaskId=udp-probe-203, offloadPayload=1024 bytes}"
5g-udp-sender,1783019676487055267,edge4av-real-20260702-multiclient-scalability-run-4,p5g-scale-udp-payload-1024-clients-100,scale,guided-planning,udp,veh-73,veh-73,rsu-1,p5g-scale-udp-payload-1024-clients-100-veh-73-204,ipi-session-1,multiclient-scalability-run-4,veh-73,204,100-clients,default,stationary,unsynced,true,true,clients,100,count,IPI-CooperativeService,1102,1783019676437070762,1783019611672071594,1783019611672100974,1783019676487055267,49.985,,0.029,64814.954,"CooperativeService{guidedPlanning, status=request, vehicleId=0x7665682d3733, requestedHorizonMs=2500, confidence=100, planning.waypoints=1, offloadTaskId=udp-probe-204, offloadPayload=1024 bytes}"
5g-udp-sender,1783019676779033434,edge4av-real-20260702-multiclient-scalability-run-4,p5g-scale-udp-payload-1024-clients-100,scale,guided-planning,udp,veh-73,veh-73,rsu-1,p5g-scale-udp-payload-1024-clients-100-veh-73-205,ipi-session-1,multiclient-scalability-run-4,veh-73,205,100-clients,default,stationary,unsynced,true,true,clients,100,count,IPI-CooperativeService,1102,1783019676687211104,1783019611962791511,1783019611962815664,1783019676779033434,91.822,,0.024,64816.218,"CooperativeService{guidedPlanning, status=request, vehicleId=0x7665682d3733, requestedHorizonMs=2500, confidence=100, planning.waypoints=1, offloadTaskId=udp-probe-205, offloadPayload=1024 bytes}"
5g-udp-sender,1783019677064865083,edge4av-real-20260702-multiclient-scalability-run-4,p5g-scale-udp-payload-1024-clients-100,scale,guided-planning,udp,veh-73,veh-73,rsu-1,p5g-scale-udp-payload-1024-clients-100-veh-73-206,ipi-session-1,multiclient-scalability-run-4,veh-73,206,100-clients,default,stationary,unsynced,true,true,clients,100,count,IPI-CooperativeService,1102,1783019676979179220,1783019612252620671,1783019612252699236,1783019677064865083,85.686,,0.079,64812.166,"CooperativeService{guidedPlanning, status=request, vehicleId=0x7665682d3733, requestedHorizonMs=2500, confidence=100, planning.waypoints=1, offloadTaskId=udp-probe-206, offloadPayload=1024 bytes}"
5g-udp-sender,1783019677331118928,edge4av-real-20260702-multiclient-scalability-run-4,p5g-scale-udp-payload-1024-clients-100,scale,guided-planning,udp,veh-73,veh-73,rsu-1,p5g-scale-udp-payload-1024-clients-100-veh-73-207,ipi-session-1,multiclient-scalability-run-4,veh-73,207,100-clients,default,stationary,unsynced,true,true,clients,100,count,IPI-CooperativeService,1102,1783019677265015313,1783019612513387789,1783019612513410177,1783019677331118928,66.104,,0.022,64817.709,"CooperativeService{guidedPlanning, status=request, vehicleId=0x7665682d3733, requestedHorizonMs=2500, confidence=100, planning.waypoints=1, offloadTaskId=udp-probe-207, offloadPayload=1024 bytes}"
5g-udp-sender,1783019677589014276,edge4av-real-20260702-multiclient-scalability-run-4,p5g-scale-udp-payload-1024-clients-100,scale,guided-planning,udp,veh-73,veh-73,rsu-1,p5g-scale-udp-payload-1024-clients-100-veh-73-208,ipi-session-1,multiclient-scalability-run-4,veh-73,208,100-clients,default,stationary,unsynced,true,true,clients,100,count,IPI-CooperativeService,1102,1783019677531307765,1783019612773740616,1783019612773767131,1783019677589014276,57.707,,0.027,64815.247,"CooperativeService{guidedPlanning, status=request, vehicleId=0x7665682d3733, requestedHorizonMs=2500, confidence=100, planning.waypoints=1, offloadTaskId=udp-probe-208, offloadPayload=1024 bytes}"
5g-udp-sender,1783019677869083838,edge4av-real-20260702-multiclient-scalability-run-4,p5g-scale-udp-payload-1024-clients-100,scale,guided-planning,udp,veh-73,veh-73,rsu-1,p5g-scale-udp-payload-1024-clients-100-veh-73-209,ipi-session-1,multiclient-scalability-run-4,veh-73,209,100-clients,default,stationary,unsynced,true,true,clients,100,count,IPI-CooperativeService,1102,1783019677789162525,1783019613054243771,1783019613054269180,1783019677869083838,79.921,,0.025,64814.815,"CooperativeService{guidedPlanning, status=request, vehicleId=0x7665682d3733, requestedHorizonMs=2500, confidence=100, planning.waypoints=1, offloadTaskId=udp-probe-209, offloadPayload=1024 bytes}"
5g-udp-sender,1783019678148948485,edge4av-real-20260702-multiclient-scalability-run-4,p5g-scale-udp-payload-1024-clients-100,scale,guided-planning,udp,veh-73,veh-73,rsu-1,p5g-scale-udp-payload-1024-clients-100-veh-73-210,ipi-session-1,multiclient-scalability-run-4,veh-73,210,100-clients,default,stationary,unsynced,true,true,clients,100,count,IPI-CooperativeService,1102,1783019678069237581,1783019613324900347,1783019613324922893,1783019678148948485,79.711,,0.023,64824.026,"CooperativeService{guidedPlanning, status=request, vehicleId=0x7665682d3733, requestedHorizonMs=2500, confidence=100, planning.waypoints=1, offloadTaskId=udp-probe-210, offloadPayload=1024 bytes}"
5g-udp-sender,1783019678442994163,edge4av-real-20260702-multiclient-scalability-run-4,p5g-scale-udp-payload-1024-clients-100,scale,guided-planning,udp,veh-73,veh-73,rsu-1,p5g-scale-udp-payload-1024-clients-100-veh-73-211,ipi-session-1,multiclient-scalability-run-4,veh-73,211,100-clients,default,stationary,unsynced,true,true,clients,100,count,IPI-CooperativeService,1102,1783019678349220979,1783019613624263850,1783019613624313123,1783019678442994163,93.773,,0.049,64818.681,"CooperativeService{guidedPlanning, status=request, vehicleId=0x7665682d3733, requestedHorizonMs=2500, confidence=100, planning.waypoints=1, offloadTaskId=udp-probe-211, offloadPayload=1024 bytes}"
5g-udp-sender,1783019678726918247,edge4av-real-20260702-multiclient-scalability-run-4,p5g-scale-udp-payload-1024-clients-100,scale,guided-planning,udp,veh-73,veh-73,rsu-1,p5g-scale-udp-payload-1024-clients-100-veh-73-212,ipi-session-1,multiclient-scalability-run-4,veh-73,212,100-clients,default,stationary,unsynced,true,true,clients,100,count,IPI-CooperativeService,1102,1783019678643143165,1783019613914766965,1783019613914816855,1783019678726918247,83.775,,0.050,64812.101,"CooperativeService{guidedPlanning, status=request, vehicleId=0x7665682d3733, requestedHorizonMs=2500, confidence=100, planning.waypoints=1, offloadTaskId=udp-probe-212, offloadPayload=1024 bytes}"
5g-udp-sender,1783019679043052255,edge4av-real-20260702-multiclient-scalability-run-4,p5g-scale-udp-payload-1024-clients-100,scale,guided-planning,udp,veh-73,veh-73,rsu-1,p5g-scale-udp-payload-1024-clients-100-veh-73-213,ipi-session-1,multiclient-scalability-run-4,veh-73,213,100-clients,default,stationary,unsynced,true,true,clients,100,count,IPI-CooperativeService,1102,1783019678927069393,1783019614225605648,1783019614225632950,1783019679043052255,115.983,,0.027,64817.419,"CooperativeService{guidedPlanning, status=request, vehicleId=0x7665682d3733, requestedHorizonMs=2500, confidence=100, planning.waypoints=1, offloadTaskId=udp-probe-213, offloadPayload=1024 bytes}"
5g-udp-sender,1783019679322956521,edge4av-real-20260702-multiclient-scalability-run-4,p5g-scale-udp-payload-1024-clients-100,scale,guided-planning,udp,veh-73,veh-73,rsu-1,p5g-scale-udp-payload-1024-clients-100-veh-73-214,ipi-session-1,multiclient-scalability-run-4,veh-73,214,100-clients,default,stationary,unsynced,true,true,clients,100,count,IPI-CooperativeService,1102,1783019679243235951,1783019614505388710,1783019614505438823,1783019679322956521,79.721,,0.050,64817.518,"CooperativeService{guidedPlanning, status=request, vehicleId=0x7665682d3733, requestedHorizonMs=2500, confidence=100, planning.waypoints=1, offloadTaskId=udp-probe-214, offloadPayload=1024 bytes}"
5g-udp-sender,1783019679593045544,edge4av-real-20260702-multiclient-scalability-run-4,p5g-scale-udp-payload-1024-clients-100,scale,guided-planning,udp,veh-73,veh-73,rsu-1,p5g-scale-udp-payload-1024-clients-100-veh-73-215,ipi-session-1,multiclient-scalability-run-4,veh-73,215,100-clients,default,stationary,unsynced,true,true,clients,100,count,IPI-CooperativeService,1102,1783019679523115950,1783019614775902583,1783019614775952670,1783019679593045544,69.930,,0.050,64817.093,"CooperativeService{guidedPlanning, status=request, vehicleId=0x7665682d3733, requestedHorizonMs=2500, confidence=100, planning.waypoints=1, offloadTaskId=udp-probe-215, offloadPayload=1024 bytes}"
5g-udp-sender,1783019679840911259,edge4av-real-20260702-multiclient-scalability-run-4,p5g-scale-udp-payload-1024-clients-100,scale,guided-planning,udp,veh-73,veh-73,rsu-1,p5g-scale-udp-payload-1024-clients-100-veh-73-216,ipi-session-1,multiclient-scalability-run-4,veh-73,216,100-clients,default,stationary,unsynced,true,true,clients,100,count,IPI-CooperativeService,1102,1783019679793196059,1783019615025960044,1783019615025982384,1783019679840911259,47.715,,0.022,64814.929,"CooperativeService{guidedPlanning, status=request, vehicleId=0x7665682d3733, requestedHorizonMs=2500, confidence=100, planning.waypoints=1, offloadTaskId=udp-probe-216, offloadPayload=1024 bytes}"
5g-udp-sender,1783019680093321911,edge4av-real-20260702-multiclient-scalability-run-4,p5g-scale-udp-payload-1024-clients-100,scale,guided-planning,udp,veh-73,veh-73,rsu-1,p5g-scale-udp-payload-1024-clients-100-veh-73-217,ipi-session-1,multiclient-scalability-run-4,veh-73,217,100-clients,default,stationary,unsynced,true,true,clients,100,count,IPI-CooperativeService,1102,1783019680041061978,1783019615276955152,1783019615276976916,1783019680093321911,52.260,,0.022,64816.345,"CooperativeService{guidedPlanning, status=request, vehicleId=0x7665682d3733, requestedHorizonMs=2500, confidence=100, planning.waypoints=1, offloadTaskId=udp-probe-217, offloadPayload=1024 bytes}"
5g-udp-sender,1783019680342944475,edge4av-real-20260702-multiclient-scalability-run-4,p5g-scale-udp-payload-1024-clients-100,scale,guided-planning,udp,veh-73,veh-73,rsu-1,p5g-scale-udp-payload-1024-clients-100-veh-73-218,ipi-session-1,multiclient-scalability-run-4,veh-73,218,100-clients,default,stationary,unsynced,true,true,clients,100,count,IPI-CooperativeService,1102,1783019680293499100,1783019615526534128,1783019615526585873,1783019680342944475,49.445,,0.052,64816.359,"CooperativeService{guidedPlanning, status=request, vehicleId=0x7665682d3733, requestedHorizonMs=2500, confidence=100, planning.waypoints=1, offloadTaskId=udp-probe-218, offloadPayload=1024 bytes}"
5g-udp-sender,1783019680585023955,edge4av-real-20260702-multiclient-scalability-run-4,p5g-scale-udp-payload-1024-clients-100,scale,guided-planning,udp,veh-73,veh-73,rsu-1,p5g-scale-udp-payload-1024-clients-100-veh-73-219,ipi-session-1,multiclient-scalability-run-4,veh-73,219,100-clients,default,stationary,unsynced,true,true,clients,100,count,IPI-CooperativeService,1102,1783019680543091533,1783019615767104375,1783019615767131879,1783019680585023955,41.932,,0.028,64817.892,"CooperativeService{guidedPlanning, status=request, vehicleId=0x7665682d3733, requestedHorizonMs=2500, confidence=100, planning.waypoints=1, offloadTaskId=udp-probe-219, offloadPayload=1024 bytes}"
5g-udp-sender,1783019680819049381,edge4av-real-20260702-multiclient-scalability-run-4,p5g-scale-udp-payload-1024-clients-100,scale,guided-planning,udp,veh-73,veh-73,rsu-1,p5g-scale-udp-payload-1024-clients-100-veh-73-220,ipi-session-1,multiclient-scalability-run-4,veh-73,220,100-clients,default,stationary,unsynced,true,true,clients,100,count,IPI-CooperativeService,1102,1783019680785215604,1783019616007163083,1783019616007225613,1783019680819049381,33.834,,0.063,64811.824,"CooperativeService{guidedPlanning, status=request, vehicleId=0x7665682d3733, requestedHorizonMs=2500, confidence=100, planning.waypoints=1, offloadTaskId=udp-probe-220, offloadPayload=1024 bytes}"
5g-udp-sender,1783019681052934273,edge4av-real-20260702-multiclient-scalability-run-4,p5g-scale-udp-payload-1024-clients-100,scale,guided-planning,udp,veh-73,veh-73,rsu-1,p5g-scale-udp-payload-1024-clients-100-veh-73-221,ipi-session-1,multiclient-scalability-run-4,veh-73,221,100-clients,default,stationary,unsynced,true,true,clients,100,count,IPI-CooperativeService,1102,1783019681019203076,1783019616237903437,1783019616237927941,1783019681052934273,33.731,,0.025,64815.006,"CooperativeService{guidedPlanning, status=request, vehicleId=0x7665682d3733, requestedHorizonMs=2500, confidence=100, planning.waypoints=1, offloadTaskId=udp-probe-221, offloadPayload=1024 bytes}"
5g-udp-sender,1783019681317064379,edge4av-real-20260702-multiclient-scalability-run-4,p5g-scale-udp-payload-1024-clients-100,scale,guided-planning,udp,veh-73,veh-73,rsu-1,p5g-scale-udp-payload-1024-clients-100-veh-73-222,ipi-session-1,multiclient-scalability-run-4,veh-73,222,100-clients,default,stationary,unsynced,true,true,clients,100,count,IPI-CooperativeService,1102,1783019681253082234,1783019616498051309,1783019616498078735,1783019681317064379,63.982,,0.027,64818.986,"CooperativeService{guidedPlanning, status=request, vehicleId=0x7665682d3733, requestedHorizonMs=2500, confidence=100, planning.waypoints=1, offloadTaskId=udp-probe-222, offloadPayload=1024 bytes}"
5g-udp-sender,1783019681558975466,edge4av-real-20260702-multiclient-scalability-run-4,p5g-scale-udp-payload-1024-clients-100,scale,guided-planning,udp,veh-73,veh-73,rsu-1,p5g-scale-udp-payload-1024-clients-100-veh-73-223,ipi-session-1,multiclient-scalability-run-4,veh-73,223,100-clients,default,stationary,unsynced,true,true,clients,100,count,IPI-CooperativeService,1102,1783019681517225213,1783019616748006872,1783019616748056796,1783019681558975466,41.750,,0.050,64810.919,"CooperativeService{guidedPlanning, status=request, vehicleId=0x7665682d3733, requestedHorizonMs=2500, confidence=100, planning.waypoints=1, offloadTaskId=udp-probe-223, offloadPayload=1024 bytes}"
5g-udp-sender,1783019681797040687,edge4av-real-20260702-multiclient-scalability-run-4,p5g-scale-udp-payload-1024-clients-100,scale,guided-planning,udp,veh-73,veh-73,rsu-1,p5g-scale-udp-payload-1024-clients-100-veh-73-224,ipi-session-1,multiclient-scalability-run-4,veh-73,224,100-clients,default,stationary,unsynced,true,true,clients,100,count,IPI-CooperativeService,1102,1783019681759123897,1783019616978629389,1783019616978654805,1783019681797040687,37.917,,0.025,64818.386,"CooperativeService{guidedPlanning, status=request, vehicleId=0x7665682d3733, requestedHorizonMs=2500, confidence=100, planning.waypoints=1, offloadTaskId=udp-probe-224, offloadPayload=1024 bytes}"
5g-udp-sender,1783019682035115938,edge4av-real-20260702-multiclient-scalability-run-4,p5g-scale-udp-payload-1024-clients-100,scale,guided-planning,udp,veh-73,veh-73,rsu-1,p5g-scale-udp-payload-1024-clients-100-veh-73-225,ipi-session-1,multiclient-scalability-run-4,veh-73,225,100-clients,default,stationary,unsynced,true,true,clients,100,count,IPI-CooperativeService,1102,1783019681997187628,1783019617218980722,1783019617219003083,1783019682035115938,37.928,,0.022,64816.113,"CooperativeService{guidedPlanning, status=request, vehicleId=0x7665682d3733, requestedHorizonMs=2500, confidence=100, planning.waypoints=1, offloadTaskId=udp-probe-225, offloadPayload=1024 bytes}"
5g-udp-sender,1783019682282971092,edge4av-real-20260702-multiclient-scalability-run-4,p5g-scale-udp-payload-1024-clients-100,scale,guided-planning,udp,veh-73,veh-73,rsu-1,p5g-scale-udp-payload-1024-clients-100-veh-73-226,ipi-session-1,multiclient-scalability-run-4,veh-73,226,100-clients,default,stationary,unsynced,true,true,clients,100,count,IPI-CooperativeService,1102,1783019682235313363,1783019617469265764,1783019617469287420,1783019682282971092,47.658,,0.022,64813.684,"CooperativeService{guidedPlanning, status=request, vehicleId=0x7665682d3733, requestedHorizonMs=2500, confidence=100, planning.waypoints=1, offloadTaskId=udp-probe-226, offloadPayload=1024 bytes}"
5g-udp-sender,1783019682543087925,edge4av-real-20260702-multiclient-scalability-run-4,p5g-scale-udp-payload-1024-clients-100,scale,guided-planning,udp,veh-73,veh-73,rsu-1,p5g-scale-udp-payload-1024-clients-100-veh-73-227,ipi-session-1,multiclient-scalability-run-4,veh-73,227,100-clients,default,stationary,unsynced,true,true,clients,100,count,IPI-CooperativeService,1102,1783019682483120659,1783019617729708391,1783019617729730775,1783019682543087925,59.967,,0.022,64813.357,"CooperativeService{guidedPlanning, status=request, vehicleId=0x7665682d3733, requestedHorizonMs=2500, confidence=100, planning.waypoints=1, offloadTaskId=udp-probe-227, offloadPayload=1024 bytes}"
5g-udp-sender,1783019682815098021,edge4av-real-20260702-multiclient-scalability-run-4,p5g-scale-udp-payload-1024-clients-100,scale,guided-planning,udp,veh-73,veh-73,rsu-1,p5g-scale-udp-payload-1024-clients-100-veh-73-228,ipi-session-1,multiclient-scalability-run-4,veh-73,228,100-clients,default,stationary,unsynced,true,true,clients,100,count,IPI-CooperativeService,1102,1783019682743237209,1783019617999472223,1783019617999521841,1783019682815098021,71.861,,0.050,64815.576,"CooperativeService{guidedPlanning, status=request, vehicleId=0x7665682d3733, requestedHorizonMs=2500, confidence=100, planning.waypoints=1, offloadTaskId=udp-probe-228, offloadPayload=1024 bytes}"
5g-udp-sender,1783019683072933609,edge4av-real-20260702-multiclient-scalability-run-4,p5g-scale-udp-payload-1024-clients-100,scale,guided-planning,udp,veh-73,veh-73,rsu-1,p5g-scale-udp-payload-1024-clients-100-veh-73-229,ipi-session-1,multiclient-scalability-run-4,veh-73,229,100-clients,default,stationary,unsynced,true,true,clients,100,count,IPI-CooperativeService,1102,1783019683015253408,1783019618259820214,1783019618259872573,1783019683072933609,57.680,,0.052,64813.061,"CooperativeService{guidedPlanning, status=request, vehicleId=0x7665682d3733, requestedHorizonMs=2500, confidence=100, planning.waypoints=1, offloadTaskId=udp-probe-229, offloadPayload=1024 bytes}"
5g-udp-sender,1783019683312924931,edge4av-real-20260702-multiclient-scalability-run-4,p5g-scale-udp-payload-1024-clients-100,scale,guided-planning,udp,veh-73,veh-73,rsu-1,p5g-scale-udp-payload-1024-clients-100-veh-73-230,ipi-session-1,multiclient-scalability-run-4,veh-73,230,100-clients,default,stationary,unsynced,true,true,clients,100,count,IPI-CooperativeService,1102,1783019683273079423,1783019618500209863,1783019618500260651,1783019683312924931,39.846,,0.051,64812.664,"CooperativeService{guidedPlanning, status=request, vehicleId=0x7665682d3733, requestedHorizonMs=2500, confidence=100, planning.waypoints=1, offloadTaskId=udp-probe-230, offloadPayload=1024 bytes}"
5g-udp-sender,1783019683555172474,edge4av-real-20260702-multiclient-scalability-run-4,p5g-scale-udp-payload-1024-clients-100,scale,guided-planning,udp,veh-73,veh-73,rsu-1,p5g-scale-udp-payload-1024-clients-100-veh-73-231,ipi-session-1,multiclient-scalability-run-4,veh-73,231,100-clients,default,stationary,unsynced,true,true,clients,100,count,IPI-CooperativeService,1102,1783019683513092951,1783019618740638329,1783019618740714776,1783019683555172474,42.080,,0.076,64814.458,"CooperativeService{guidedPlanning, status=request, vehicleId=0x7665682d3733, requestedHorizonMs=2500, confidence=100, planning.waypoints=1, offloadTaskId=udp-probe-231, offloadPayload=1024 bytes}"
5g-udp-sender,1783019683795010971,edge4av-real-20260702-multiclient-scalability-run-4,p5g-scale-udp-payload-1024-clients-100,scale,guided-planning,udp,veh-73,veh-73,rsu-1,p5g-scale-udp-payload-1024-clients-100-veh-73-232,ipi-session-1,multiclient-scalability-run-4,veh-73,232,100-clients,default,stationary,unsynced,true,true,clients,100,count,IPI-CooperativeService,1102,1783019683755361008,1783019618981590944,1783019618981613090,1783019683795010971,39.650,,0.022,64813.398,"CooperativeService{guidedPlanning, status=request, vehicleId=0x7665682d3733, requestedHorizonMs=2500, confidence=100, planning.waypoints=1, offloadTaskId=udp-probe-232, offloadPayload=1024 bytes}"
5g-udp-sender,1783019684033048997,edge4av-real-20260702-multiclient-scalability-run-4,p5g-scale-udp-payload-1024-clients-100,scale,guided-planning,udp,veh-73,veh-73,rsu-1,p5g-scale-udp-payload-1024-clients-100-veh-73-233,ipi-session-1,multiclient-scalability-run-4,veh-73,233,100-clients,default,stationary,unsynced,true,true,clients,100,count,IPI-CooperativeService,1102,1783019683995170871,1783019619221338702,1783019619221389665,1783019684033048997,37.878,,0.051,64811.659,"CooperativeService{guidedPlanning, status=request, vehicleId=0x7665682d3733, requestedHorizonMs=2500, confidence=100, planning.waypoints=1, offloadTaskId=udp-probe-233, offloadPayload=1024 bytes}"
5g-udp-sender,1783019684276547914,edge4av-real-20260702-multiclient-scalability-run-4,p5g-scale-udp-payload-1024-clients-100,scale,guided-planning,udp,veh-73,veh-73,rsu-1,p5g-scale-udp-payload-1024-clients-100-veh-73-234,ipi-session-1,multiclient-scalability-run-4,veh-73,234,100-clients,default,stationary,unsynced,true,true,clients,100,count,IPI-CooperativeService,1102,1783019684233209304,1783019619462370939,1783019619462396899,1783019684276547914,43.339,,0.026,64814.151,"CooperativeService{guidedPlanning, status=request, vehicleId=0x7665682d3733, requestedHorizonMs=2500, confidence=100, planning.waypoints=1, offloadTaskId=udp-probe-234, offloadPayload=1024 bytes}"
5g-udp-sender,1783019684556432760,edge4av-real-20260702-multiclient-scalability-run-4,p5g-scale-udp-payload-1024-clients-100,scale,guided-planning,udp,veh-73,veh-73,rsu-1,p5g-scale-udp-payload-1024-clients-100-veh-73-235,ipi-session-1,multiclient-scalability-run-4,veh-73,235,100-clients,default,stationary,unsynced,true,true,clients,100,count,IPI-CooperativeService,1102,1783019684476695597,1783019619742503993,1783019619742531980,1783019684556432760,79.737,,0.028,64813.901,"CooperativeService{guidedPlanning, status=request, vehicleId=0x7665682d3733, requestedHorizonMs=2500, confidence=100, planning.waypoints=1, offloadTaskId=udp-probe-235, offloadPayload=1024 bytes}"
5g-udp-sender,1783019684795892012,edge4av-real-20260702-multiclient-scalability-run-4,p5g-scale-udp-payload-1024-clients-100,scale,guided-planning,udp,veh-73,veh-73,rsu-1,p5g-scale-udp-payload-1024-clients-100-veh-73-236,ipi-session-1,multiclient-scalability-run-4,veh-73,236,100-clients,default,stationary,unsynced,true,true,clients,100,count,IPI-CooperativeService,1102,1783019684756586007,1783019619982931778,1783019619982960332,1783019684795892012,39.306,,0.029,64812.932,"CooperativeService{guidedPlanning, status=request, vehicleId=0x7665682d3733, requestedHorizonMs=2500, confidence=100, planning.waypoints=1, offloadTaskId=udp-probe-236, offloadPayload=1024 bytes}"
5g-udp-sender,1783019685036054962,edge4av-real-20260702-multiclient-scalability-run-4,p5g-scale-udp-payload-1024-clients-100,scale,guided-planning,udp,veh-73,veh-73,rsu-1,p5g-scale-udp-payload-1024-clients-100-veh-73-237,ipi-session-1,multiclient-scalability-run-4,veh-73,237,100-clients,default,stationary,unsynced,true,true,clients,100,count,IPI-CooperativeService,1102,1783019684996044419,1783019620223345142,1783019620223368325,1783019685036054962,40.011,,0.023,64812.687,"CooperativeService{guidedPlanning, status=request, vehicleId=0x7665682d3733, requestedHorizonMs=2500, confidence=100, planning.waypoints=1, offloadTaskId=udp-probe-237, offloadPayload=1024 bytes}"
5g-udp-sender,1783019685279030336,edge4av-real-20260702-multiclient-scalability-run-4,p5g-scale-udp-payload-1024-clients-100,scale,guided-planning,udp,veh-73,veh-73,rsu-1,p5g-scale-udp-payload-1024-clients-100-veh-73-238,ipi-session-1,multiclient-scalability-run-4,veh-73,238,100-clients,default,stationary,unsynced,true,true,clients,100,count,IPI-CooperativeService,1102,1783019685236243549,1783019620464084489,1783019620464126243,1783019685279030336,42.787,,0.042,64814.904,"CooperativeService{guidedPlanning, status=request, vehicleId=0x7665682d3733, requestedHorizonMs=2500, confidence=100, planning.waypoints=1, offloadTaskId=udp-probe-238, offloadPayload=1024 bytes}"
5g-udp-sender,1783019685526367092,edge4av-real-20260702-multiclient-scalability-run-4,p5g-scale-udp-payload-1024-clients-100,scale,guided-planning,udp,veh-73,veh-73,rsu-1,p5g-scale-udp-payload-1024-clients-100-veh-73-239,ipi-session-1,multiclient-scalability-run-4,veh-73,239,100-clients,default,stationary,unsynced,true,true,clients,100,count,IPI-CooperativeService,1102,1783019685479182259,1783019620714265279,1783019620714291881,1783019685526367092,47.185,,0.027,64812.075,"CooperativeService{guidedPlanning, status=request, vehicleId=0x7665682d3733, requestedHorizonMs=2500, confidence=100, planning.waypoints=1, offloadTaskId=udp-probe-239, offloadPayload=1024 bytes}"
5g-udp-sender,1783019685766371546,edge4av-real-20260702-multiclient-scalability-run-4,p5g-scale-udp-payload-1024-clients-100,scale,guided-planning,udp,veh-73,veh-73,rsu-1,p5g-scale-udp-payload-1024-clients-100-veh-73-240,ipi-session-1,multiclient-scalability-run-4,veh-73,240,100-clients,default,stationary,unsynced,true,true,clients,100,count,IPI-CooperativeService,1102,1783019685726520809,1783019620955036670,1783019620955058948,1783019685766371546,39.851,,0.022,64811.313,"CooperativeService{guidedPlanning, status=request, vehicleId=0x7665682d3733, requestedHorizonMs=2500, confidence=100, planning.waypoints=1, offloadTaskId=udp-probe-240, offloadPayload=1024 bytes}"
5g-udp-sender,1783019686008427587,edge4av-real-20260702-multiclient-scalability-run-4,p5g-scale-udp-payload-1024-clients-100,scale,guided-planning,udp,veh-73,veh-73,rsu-1,p5g-scale-udp-payload-1024-clients-100-veh-73-241,ipi-session-1,multiclient-scalability-run-4,veh-73,241,100-clients,default,stationary,unsynced,true,true,clients,100,count,IPI-CooperativeService,1102,1783019685966517289,1783019621195091892,1783019621195119118,1783019686008427587,41.910,,0.027,64813.308,"CooperativeService{guidedPlanning, status=request, vehicleId=0x7665682d3733, requestedHorizonMs=2500, confidence=100, planning.waypoints=1, offloadTaskId=udp-probe-241, offloadPayload=1024 bytes}"
5g-udp-sender,1783019686261068872,edge4av-real-20260702-multiclient-scalability-run-4,p5g-scale-udp-payload-1024-clients-100,scale,guided-planning,udp,veh-73,veh-73,rsu-1,p5g-scale-udp-payload-1024-clients-100-veh-73-242,ipi-session-1,multiclient-scalability-run-4,veh-73,242,100-clients,default,stationary,unsynced,true,true,clients,100,count,IPI-CooperativeService,1102,1783019686208574559,1783019621445843299,1783019621445865433,1783019686261068872,52.494,,0.022,64815.203,"CooperativeService{guidedPlanning, status=request, vehicleId=0x7665682d3733, requestedHorizonMs=2500, confidence=100, planning.waypoints=1, offloadTaskId=udp-probe-242, offloadPayload=1024 bytes}"
5g-udp-sender,1783019686502929106,edge4av-real-20260702-multiclient-scalability-run-4,p5g-scale-udp-payload-1024-clients-100,scale,guided-planning,udp,veh-73,veh-73,rsu-1,p5g-scale-udp-payload-1024-clients-100-veh-73-243,ipi-session-1,multiclient-scalability-run-4,veh-73,243,100-clients,default,stationary,unsynced,true,true,clients,100,count,IPI-CooperativeService,1102,1783019686461219357,1783019621685936329,1783019621685963518,1783019686502929106,41.710,,0.027,64816.966,"CooperativeService{guidedPlanning, status=request, vehicleId=0x7665682d3733, requestedHorizonMs=2500, confidence=100, planning.waypoints=1, offloadTaskId=udp-probe-243, offloadPayload=1024 bytes}"
5g-udp-sender,1783019686733112543,edge4av-real-20260702-multiclient-scalability-run-4,p5g-scale-udp-payload-1024-clients-100,scale,guided-planning,udp,veh-73,veh-73,rsu-1,p5g-scale-udp-payload-1024-clients-100-veh-73-244,ipi-session-1,multiclient-scalability-run-4,veh-73,244,100-clients,default,stationary,unsynced,true,true,clients,100,count,IPI-CooperativeService,1102,1783019686703123192,1783019621916427250,1783019621916450458,1783019686733112543,29.989,,0.023,64816.662,"CooperativeService{guidedPlanning, status=request, vehicleId=0x7665682d3733, requestedHorizonMs=2500, confidence=100, planning.waypoints=1, offloadTaskId=udp-probe-244, offloadPayload=1024 bytes}"
5g-udp-sender,1783019686989031552,edge4av-real-20260702-multiclient-scalability-run-4,p5g-scale-udp-payload-1024-clients-100,scale,guided-planning,udp,veh-73,veh-73,rsu-1,p5g-scale-udp-payload-1024-clients-100-veh-73-245,ipi-session-1,multiclient-scalability-run-4,veh-73,245,100-clients,default,stationary,unsynced,true,true,clients,100,count,IPI-CooperativeService,1102,1783019686933259063,1783019622176738905,1783019622176763980,1783019686989031552,55.772,,0.025,64812.268,"CooperativeService{guidedPlanning, status=request, vehicleId=0x7665682d3733, requestedHorizonMs=2500, confidence=100, planning.waypoints=1, offloadTaskId=udp-probe-245, offloadPayload=1024 bytes}"
5g-udp-sender,1783019687223071438,edge4av-real-20260702-multiclient-scalability-run-4,p5g-scale-udp-payload-1024-clients-100,scale,guided-planning,udp,veh-73,veh-73,rsu-1,p5g-scale-udp-payload-1024-clients-100-veh-73-246,ipi-session-1,multiclient-scalability-run-4,veh-73,246,100-clients,default,stationary,unsynced,true,true,clients,100,count,IPI-CooperativeService,1102,1783019687189179174,1783019622407523006,1783019622407544585,1783019687223071438,33.892,,0.022,64815.527,"CooperativeService{guidedPlanning, status=request, vehicleId=0x7665682d3733, requestedHorizonMs=2500, confidence=100, planning.waypoints=1, offloadTaskId=udp-probe-246, offloadPayload=1024 bytes}"
5g-udp-sender,1783019687451160065,edge4av-real-20260702-multiclient-scalability-run-4,p5g-scale-udp-payload-1024-clients-100,scale,guided-planning,udp,veh-73,veh-73,rsu-1,p5g-scale-udp-payload-1024-clients-100-veh-73-247,ipi-session-1,multiclient-scalability-run-4,veh-73,247,100-clients,default,stationary,unsynced,true,true,clients,100,count,IPI-CooperativeService,1102,1783019687423220457,1783019622637833534,1783019622637855659,1783019687451160065,27.940,,0.022,64813.304,"CooperativeService{guidedPlanning, status=request, vehicleId=0x7665682d3733, requestedHorizonMs=2500, confidence=100, planning.waypoints=1, offloadTaskId=udp-probe-247, offloadPayload=1024 bytes}"
5g-udp-sender,1783019687688856116,edge4av-real-20260702-multiclient-scalability-run-4,p5g-scale-udp-payload-1024-clients-100,scale,guided-planning,udp,veh-73,veh-73,rsu-1,p5g-scale-udp-payload-1024-clients-100-veh-73-248,ipi-session-1,multiclient-scalability-run-4,veh-73,248,100-clients,default,stationary,unsynced,true,true,clients,100,count,IPI-CooperativeService,1102,1783019687651311268,1783019622877648289,1783019622877698453,1783019687688856116,37.545,,0.050,64811.158,"CooperativeService{guidedPlanning, status=request, vehicleId=0x7665682d3733, requestedHorizonMs=2500, confidence=100, planning.waypoints=1, offloadTaskId=udp-probe-248, offloadPayload=1024 bytes}"
5g-udp-sender,1783019687930957072,edge4av-real-20260702-multiclient-scalability-run-4,p5g-scale-udp-payload-1024-clients-100,scale,guided-planning,udp,veh-73,veh-73,rsu-1,p5g-scale-udp-payload-1024-clients-100-veh-73-249,ipi-session-1,multiclient-scalability-run-4,veh-73,249,100-clients,default,stationary,unsynced,true,true,clients,100,count,IPI-CooperativeService,1102,1783019687889013572,1783019623118055744,1783019623118105565,1783019687930957072,41.944,,0.050,64812.852,"CooperativeService{guidedPlanning, status=request, vehicleId=0x7665682d3733, requestedHorizonMs=2500, confidence=100, planning.waypoints=1, offloadTaskId=udp-probe-249, offloadPayload=1024 bytes}"
5g-udp-sender,1783019688195092518,edge4av-real-20260702-multiclient-scalability-run-4,p5g-scale-udp-payload-1024-clients-100,scale,guided-planning,udp,veh-73,veh-73,rsu-1,p5g-scale-udp-payload-1024-clients-100-veh-73-250,ipi-session-1,multiclient-scalability-run-4,veh-73,250,100-clients,default,stationary,unsynced,true,true,clients,100,count,IPI-CooperativeService,1102,1783019688131146655,1783019623378841873,1783019623378867377,1783019688195092518,63.946,,0.026,64816.225,"CooperativeService{guidedPlanning, status=request, vehicleId=0x7665682d3733, requestedHorizonMs=2500, confidence=100, planning.waypoints=1, offloadTaskId=udp-probe-250, offloadPayload=1024 bytes}"
5g-udp-sender,1783019688433032968,edge4av-real-20260702-multiclient-scalability-run-4,p5g-scale-udp-payload-1024-clients-100,scale,guided-planning,udp,veh-73,veh-73,rsu-1,p5g-scale-udp-payload-1024-clients-100-veh-73-251,ipi-session-1,multiclient-scalability-run-4,veh-73,251,100-clients,default,stationary,unsynced,true,true,clients,100,count,IPI-CooperativeService,1102,1783019688395243320,1783019623619027961,1783019623619077474,1783019688433032968,37.790,,0.050,64813.955,"CooperativeService{guidedPlanning, status=request, vehicleId=0x7665682d3733, requestedHorizonMs=2500, confidence=100, planning.waypoints=1, offloadTaskId=udp-probe-251, offloadPayload=1024 bytes}"
5g-udp-sender,1783019688675059546,edge4av-real-20260702-multiclient-scalability-run-4,p5g-scale-udp-payload-1024-clients-100,scale,guided-planning,udp,veh-73,veh-73,rsu-1,p5g-scale-udp-payload-1024-clients-100-veh-73-252,ipi-session-1,multiclient-scalability-run-4,veh-73,252,100-clients,default,stationary,unsynced,true,true,clients,100,count,IPI-CooperativeService,1102,1783019688633199417,1783019623859574286,1783019623859621503,1783019688675059546,41.860,,0.047,64815.438,"CooperativeService{guidedPlanning, status=request, vehicleId=0x7665682d3733, requestedHorizonMs=2500, confidence=100, planning.waypoints=1, offloadTaskId=udp-probe-252, offloadPayload=1024 bytes}"
5g-udp-sender,1783019688919070870,edge4av-real-20260702-multiclient-scalability-run-4,p5g-scale-udp-payload-1024-clients-100,scale,guided-planning,udp,veh-73,veh-73,rsu-1,p5g-scale-udp-payload-1024-clients-100-veh-73-253,ipi-session-1,multiclient-scalability-run-4,veh-73,253,100-clients,default,stationary,unsynced,true,true,clients,100,count,IPI-CooperativeService,1102,1783019688875208168,1783019624100203443,1783019624100232559,1783019688919070870,43.863,,0.029,64818.838,"CooperativeService{guidedPlanning, status=request, vehicleId=0x7665682d3733, requestedHorizonMs=2500, confidence=100, planning.waypoints=1, offloadTaskId=udp-probe-253, offloadPayload=1024 bytes}"
5g-udp-sender,1783019689155032358,edge4av-real-20260702-multiclient-scalability-run-4,p5g-scale-udp-payload-1024-clients-100,scale,guided-planning,udp,veh-73,veh-73,rsu-1,p5g-scale-udp-payload-1024-clients-100-veh-73-254,ipi-session-1,multiclient-scalability-run-4,veh-73,254,100-clients,default,stationary,unsynced,true,true,clients,100,count,IPI-CooperativeService,1102,1783019689119219909,1783019624340510176,1783019624340536672,1783019689155032358,35.812,,0.026,64814.496,"CooperativeService{guidedPlanning, status=request, vehicleId=0x7665682d3733, requestedHorizonMs=2500, confidence=100, planning.waypoints=1, offloadTaskId=udp-probe-254, offloadPayload=1024 bytes}"
5g-udp-sender,1783019689407094621,edge4av-real-20260702-multiclient-scalability-run-4,p5g-scale-udp-payload-1024-clients-100,scale,guided-planning,udp,veh-73,veh-73,rsu-1,p5g-scale-udp-payload-1024-clients-100-veh-73-255,ipi-session-1,multiclient-scalability-run-4,veh-73,255,100-clients,default,stationary,unsynced,true,true,clients,100,count,IPI-CooperativeService,1102,1783019689355182686,1783019624590779360,1783019624590805983,1783019689407094621,51.912,,0.027,64816.289,"CooperativeService{guidedPlanning, status=request, vehicleId=0x7665682d3733, requestedHorizonMs=2500, confidence=100, planning.waypoints=1, offloadTaskId=udp-probe-255, offloadPayload=1024 bytes}"
5g-udp-sender,1783019689682963464,edge4av-real-20260702-multiclient-scalability-run-4,p5g-scale-udp-payload-1024-clients-100,scale,guided-planning,udp,veh-73,veh-73,rsu-1,p5g-scale-udp-payload-1024-clients-100-veh-73-256,ipi-session-1,multiclient-scalability-run-4,veh-73,256,100-clients,default,stationary,unsynced,true,true,clients,100,count,IPI-CooperativeService,1102,1783019689607248093,1783019624871138208,1783019624871188588,1783019689682963464,75.715,,0.050,64811.775,"CooperativeService{guidedPlanning, status=request, vehicleId=0x7665682d3733, requestedHorizonMs=2500, confidence=100, planning.waypoints=1, offloadTaskId=udp-probe-256, offloadPayload=1024 bytes}"
5g-udp-sender,1783019689950972851,edge4av-real-20260702-multiclient-scalability-run-4,p5g-scale-udp-payload-1024-clients-100,scale,guided-planning,udp,veh-73,veh-73,rsu-1,p5g-scale-udp-payload-1024-clients-100-veh-73-257,ipi-session-1,multiclient-scalability-run-4,veh-73,257,100-clients,default,stationary,unsynced,true,true,clients,100,count,IPI-CooperativeService,1102,1783019689883155065,1783019625132082828,1783019625132105998,1783019689950972851,67.818,,0.023,64818.867,"CooperativeService{guidedPlanning, status=request, vehicleId=0x7665682d3733, requestedHorizonMs=2500, confidence=100, planning.waypoints=1, offloadTaskId=udp-probe-257, offloadPayload=1024 bytes}"
5g-udp-sender,1783019690229114612,edge4av-real-20260702-multiclient-scalability-run-4,p5g-scale-udp-payload-1024-clients-100,scale,guided-planning,udp,veh-73,veh-73,rsu-1,p5g-scale-udp-payload-1024-clients-100-veh-73-258,ipi-session-1,multiclient-scalability-run-4,veh-73,258,100-clients,default,stationary,unsynced,true,true,clients,100,count,IPI-CooperativeService,1102,1783019690151126149,1783019625412024022,1783019625412051427,1783019690229114612,77.988,,0.027,64817.063,"CooperativeService{guidedPlanning, status=request, vehicleId=0x7665682d3733, requestedHorizonMs=2500, confidence=100, planning.waypoints=1, offloadTaskId=udp-probe-258, offloadPayload=1024 bytes}"
5g-udp-sender,1783019690527045340,edge4av-real-20260702-multiclient-scalability-run-4,p5g-scale-udp-payload-1024-clients-100,scale,guided-planning,udp,veh-73,veh-73,rsu-1,p5g-scale-udp-payload-1024-clients-100-veh-73-259,ipi-session-1,multiclient-scalability-run-4,veh-73,259,100-clients,default,stationary,unsynced,true,true,clients,100,count,IPI-CooperativeService,1102,1783019690429262006,1783019625712341253,1783019625712391603,1783019690527045340,97.783,,0.050,64814.654,"CooperativeService{guidedPlanning, status=request, vehicleId=0x7665682d3733, requestedHorizonMs=2500, confidence=100, planning.waypoints=1, offloadTaskId=udp-probe-259, offloadPayload=1024 bytes}"
5g-udp-sender,1783019690829012635,edge4av-real-20260702-multiclient-scalability-run-4,p5g-scale-udp-payload-1024-clients-100,scale,guided-planning,udp,veh-73,veh-73,rsu-1,p5g-scale-udp-payload-1024-clients-100-veh-73-260,ipi-session-1,multiclient-scalability-run-4,veh-73,260,100-clients,default,stationary,unsynced,true,true,clients,100,count,IPI-CooperativeService,1102,1783019690727201844,1783019626013449604,1783019626013473093,1783019690829012635,101.811,,0.023,64815.540,"CooperativeService{guidedPlanning, status=request, vehicleId=0x7665682d3733, requestedHorizonMs=2500, confidence=100, planning.waypoints=1, offloadTaskId=udp-probe-260, offloadPayload=1024 bytes}"
5g-udp-sender,1783019691107132105,edge4av-real-20260702-multiclient-scalability-run-4,p5g-scale-udp-payload-1024-clients-100,scale,guided-planning,udp,veh-73,veh-73,rsu-1,p5g-scale-udp-payload-1024-clients-100-veh-73-261,ipi-session-1,multiclient-scalability-run-4,veh-73,261,100-clients,default,stationary,unsynced,true,true,clients,100,count,IPI-CooperativeService,1102,1783019691029161853,1783019626293293392,1783019626293344376,1783019691107132105,77.970,,0.051,64813.788,"CooperativeService{guidedPlanning, status=request, vehicleId=0x7665682d3733, requestedHorizonMs=2500, confidence=100, planning.waypoints=1, offloadTaskId=udp-probe-261, offloadPayload=1024 bytes}"
5g-udp-sender,1783019691423093490,edge4av-real-20260702-multiclient-scalability-run-4,p5g-scale-udp-payload-1024-clients-100,scale,guided-planning,udp,veh-73,veh-73,rsu-1,p5g-scale-udp-payload-1024-clients-100-veh-73-262,ipi-session-1,multiclient-scalability-run-4,veh-73,262,100-clients,default,stationary,unsynced,true,true,clients,100,count,IPI-CooperativeService,1102,1783019691307280509,1783019626604302030,1783019626604328462,1783019691423093490,115.813,,0.026,64818.765,"CooperativeService{guidedPlanning, status=request, vehicleId=0x7665682d3733, requestedHorizonMs=2500, confidence=100, planning.waypoints=1, offloadTaskId=udp-probe-262, offloadPayload=1024 bytes}"
5g-udp-sender,1783019691713147839,edge4av-real-20260702-multiclient-scalability-run-4,p5g-scale-udp-payload-1024-clients-100,scale,guided-planning,udp,veh-73,veh-73,rsu-1,p5g-scale-udp-payload-1024-clients-100-veh-73-263,ipi-session-1,multiclient-scalability-run-4,veh-73,263,100-clients,default,stationary,unsynced,true,true,clients,100,count,IPI-CooperativeService,1102,1783019691623284121,1783019626895087143,1783019626895109326,1783019691713147839,89.864,,0.022,64818.039,"CooperativeService{guidedPlanning, status=request, vehicleId=0x7665682d3733, requestedHorizonMs=2500, confidence=100, planning.waypoints=1, offloadTaskId=udp-probe-263, offloadPayload=1024 bytes}"
5g-udp-sender,1783019692021087474,edge4av-real-20260702-multiclient-scalability-run-4,p5g-scale-udp-payload-1024-clients-100,scale,guided-planning,udp,veh-73,veh-73,rsu-1,p5g-scale-udp-payload-1024-clients-100-veh-73-264,ipi-session-1,multiclient-scalability-run-4,veh-73,264,100-clients,default,stationary,unsynced,true,true,clients,100,count,IPI-CooperativeService,1102,1783019691913295109,1783019627205558292,1783019627205581656,1783019692021087474,107.792,,0.023,64815.506,"CooperativeService{guidedPlanning, status=request, vehicleId=0x7665682d3733, requestedHorizonMs=2500, confidence=100, planning.waypoints=1, offloadTaskId=udp-probe-264, offloadPayload=1024 bytes}"
5g-udp-sender,1783019692359276102,edge4av-real-20260702-multiclient-scalability-run-4,p5g-scale-udp-payload-1024-clients-100,scale,guided-planning,udp,veh-73,veh-73,rsu-1,p5g-scale-udp-payload-1024-clients-100-veh-73-265,ipi-session-1,multiclient-scalability-run-4,veh-73,265,100-clients,default,stationary,unsynced,true,true,clients,100,count,IPI-CooperativeService,1102,1783019692221255964,1783019627546055328,1783019627546079080,1783019692359276102,138.020,,0.024,64813.197,"CooperativeService{guidedPlanning, status=request, vehicleId=0x7665682d3733, requestedHorizonMs=2500, confidence=100, planning.waypoints=1, offloadTaskId=udp-probe-265, offloadPayload=1024 bytes}"
5g-udp-sender,1783019692589077953,edge4av-real-20260702-multiclient-scalability-run-4,p5g-scale-udp-payload-1024-clients-100,scale,guided-planning,udp,veh-73,veh-73,rsu-1,p5g-scale-udp-payload-1024-clients-100-veh-73-266,ipi-session-1,multiclient-scalability-run-4,veh-73,266,100-clients,default,stationary,unsynced,true,true,clients,100,count,IPI-CooperativeService,1102,1783019692559493733,1783019627776325720,1783019627776348114,1783019692589077953,29.584,,0.022,64812.730,"CooperativeService{guidedPlanning, status=request, vehicleId=0x7665682d3733, requestedHorizonMs=2500, confidence=100, planning.waypoints=1, offloadTaskId=udp-probe-266, offloadPayload=1024 bytes}"
5g-udp-sender,1783019692831150397,edge4av-real-20260702-multiclient-scalability-run-4,p5g-scale-udp-payload-1024-clients-100,scale,guided-planning,udp,veh-73,veh-73,rsu-1,p5g-scale-udp-payload-1024-clients-100-veh-73-267,ipi-session-1,multiclient-scalability-run-4,veh-73,267,100-clients,default,stationary,unsynced,true,true,clients,100,count,IPI-CooperativeService,1102,1783019692789226193,1783019628016251410,1783019628016302048,1783019692831150397,41.924,,0.051,64814.848,"CooperativeService{guidedPlanning, status=request, vehicleId=0x7665682d3733, requestedHorizonMs=2500, confidence=100, planning.waypoints=1, offloadTaskId=udp-probe-267, offloadPayload=1024 bytes}"
5g-udp-sender,1783019693083214112,edge4av-real-20260702-multiclient-scalability-run-4,p5g-scale-udp-payload-1024-clients-100,scale,guided-planning,udp,veh-73,veh-73,rsu-1,p5g-scale-udp-payload-1024-clients-100-veh-73-268,ipi-session-1,multiclient-scalability-run-4,veh-73,268,100-clients,default,stationary,unsynced,true,true,clients,100,count,IPI-CooperativeService,1102,1783019693031335874,1783019628266988444,1783019628267015145,1783019693083214112,51.878,,0.027,64816.199,"CooperativeService{guidedPlanning, status=request, vehicleId=0x7665682d3733, requestedHorizonMs=2500, confidence=100, planning.waypoints=1, offloadTaskId=udp-probe-268, offloadPayload=1024 bytes}"
5g-udp-sender,1783019693335107385,edge4av-real-20260702-multiclient-scalability-run-4,p5g-scale-udp-payload-1024-clients-100,scale,guided-planning,udp,veh-73,veh-73,rsu-1,p5g-scale-udp-payload-1024-clients-100-veh-73-269,ipi-session-1,multiclient-scalability-run-4,veh-73,269,100-clients,default,stationary,unsynced,true,true,clients,100,count,IPI-CooperativeService,1102,1783019693283466486,1783019628517576279,1783019628517622492,1783019693335107385,51.641,,0.046,64817.485,"CooperativeService{guidedPlanning, status=request, vehicleId=0x7665682d3733, requestedHorizonMs=2500, confidence=100, planning.waypoints=1, offloadTaskId=udp-probe-269, offloadPayload=1024 bytes}"
5g-udp-sender,1783019693565285582,edge4av-real-20260702-multiclient-scalability-run-4,p5g-scale-udp-payload-1024-clients-100,scale,guided-planning,udp,veh-73,veh-73,rsu-1,p5g-scale-udp-payload-1024-clients-100-veh-73-270,ipi-session-1,multiclient-scalability-run-4,veh-73,270,100-clients,default,stationary,unsynced,true,true,clients,100,count,IPI-CooperativeService,1102,1783019693535262225,1783019628747976963,1783019628748000507,1783019693565285582,30.023,,0.024,64817.285,"CooperativeService{guidedPlanning, status=request, vehicleId=0x7665682d3733, requestedHorizonMs=2500, confidence=100, planning.waypoints=1, offloadTaskId=udp-probe-270, offloadPayload=1024 bytes}"
5g-udp-sender,1783019693805101304,edge4av-real-20260702-multiclient-scalability-run-4,p5g-scale-udp-payload-1024-clients-100,scale,guided-planning,udp,veh-73,veh-73,rsu-1,p5g-scale-udp-payload-1024-clients-100-veh-73-271,ipi-session-1,multiclient-scalability-run-4,veh-73,271,100-clients,default,stationary,unsynced,true,true,clients,100,count,IPI-CooperativeService,1102,1783019693765447809,1783019628987971790,1783019628987998642,1783019693805101304,39.653,,0.027,64817.103,"CooperativeService{guidedPlanning, status=request, vehicleId=0x7665682d3733, requestedHorizonMs=2500, confidence=100, planning.waypoints=1, offloadTaskId=udp-probe-271, offloadPayload=1024 bytes}"
5g-udp-sender,1783019694051029224,edge4av-real-20260702-multiclient-scalability-run-4,p5g-scale-udp-payload-1024-clients-100,scale,guided-planning,udp,veh-73,veh-73,rsu-1,p5g-scale-udp-payload-1024-clients-100-veh-73-272,ipi-session-1,multiclient-scalability-run-4,veh-73,272,100-clients,default,stationary,unsynced,true,true,clients,100,count,IPI-CooperativeService,1102,1783019694005249907,1783019629238136663,1783019629238186535,1783019694051029224,45.779,,0.050,64812.843,"CooperativeService{guidedPlanning, status=request, vehicleId=0x7665682d3733, requestedHorizonMs=2500, confidence=100, planning.waypoints=1, offloadTaskId=udp-probe-272, offloadPayload=1024 bytes}"
5g-udp-sender,1783019694293123997,edge4av-real-20260702-multiclient-scalability-run-4,p5g-scale-udp-payload-1024-clients-100,scale,guided-planning,udp,veh-73,veh-73,rsu-1,p5g-scale-udp-payload-1024-clients-100-veh-73-273,ipi-session-1,multiclient-scalability-run-4,veh-73,273,100-clients,default,stationary,unsynced,true,true,clients,100,count,IPI-CooperativeService,1102,1783019694251214073,1783019629478800074,1783019629478825269,1783019694293123997,41.910,,0.025,64814.299,"CooperativeService{guidedPlanning, status=request, vehicleId=0x7665682d3733, requestedHorizonMs=2500, confidence=100, planning.waypoints=1, offloadTaskId=udp-probe-273, offloadPayload=1024 bytes}"
5g-udp-sender,1783019694533141554,edge4av-real-20260702-multiclient-scalability-run-4,p5g-scale-udp-payload-1024-clients-100,scale,guided-planning,udp,veh-73,veh-73,rsu-1,p5g-scale-udp-payload-1024-clients-100-veh-73-274,ipi-session-1,multiclient-scalability-run-4,veh-73,274,100-clients,default,stationary,unsynced,true,true,clients,100,count,IPI-CooperativeService,1102,1783019694493291764,1783019629719399575,1783019629719422239,1783019694533141554,39.850,,0.023,64813.719,"CooperativeService{guidedPlanning, status=request, vehicleId=0x7665682d3733, requestedHorizonMs=2500, confidence=100, planning.waypoints=1, offloadTaskId=udp-probe-274, offloadPayload=1024 bytes}"
5g-udp-sender,1783019694779076233,edge4av-real-20260702-multiclient-scalability-run-4,p5g-scale-udp-payload-1024-clients-100,scale,guided-planning,udp,veh-73,veh-73,rsu-1,p5g-scale-udp-payload-1024-clients-100-veh-73-275,ipi-session-1,multiclient-scalability-run-4,veh-73,275,100-clients,default,stationary,unsynced,true,true,clients,100,count,IPI-CooperativeService,1102,1783019694733320977,1783019629959884216,1783019629959909893,1783019694779076233,45.755,,0.026,64819.166,"CooperativeService{guidedPlanning, status=request, vehicleId=0x7665682d3733, requestedHorizonMs=2500, confidence=100, planning.waypoints=1, offloadTaskId=udp-probe-275, offloadPayload=1024 bytes}"
5g-udp-sender,1783019695015014625,edge4av-real-20260702-multiclient-scalability-run-4,p5g-scale-udp-payload-1024-clients-100,scale,guided-planning,udp,veh-73,veh-73,rsu-1,p5g-scale-udp-payload-1024-clients-100-veh-73-276,ipi-session-1,multiclient-scalability-run-4,veh-73,276,100-clients,default,stationary,unsynced,true,true,clients,100,count,IPI-CooperativeService,1102,1783019694979267113,1783019630199912967,1783019630199962641,1783019695015014625,35.748,,0.050,64815.052,"CooperativeService{guidedPlanning, status=request, vehicleId=0x7665682d3733, requestedHorizonMs=2500, confidence=100, planning.waypoints=1, offloadTaskId=udp-probe-276, offloadPayload=1024 bytes}"
5g-udp-sender,1783019695255212403,edge4av-real-20260702-multiclient-scalability-run-4,p5g-scale-udp-payload-1024-clients-100,scale,guided-planning,udp,veh-73,veh-73,rsu-1,p5g-scale-udp-payload-1024-clients-100-veh-73-277,ipi-session-1,multiclient-scalability-run-4,veh-73,277,100-clients,default,stationary,unsynced,true,true,clients,100,count,IPI-CooperativeService,1102,1783019695215200301,1783019630440400516,1783019630440426117,1783019695255212403,40.012,,0.026,64814.786,"CooperativeService{guidedPlanning, status=request, vehicleId=0x7665682d3733, requestedHorizonMs=2500, confidence=100, planning.waypoints=1, offloadTaskId=udp-probe-277, offloadPayload=1024 bytes}"
5g-udp-sender,1783019695495174975,edge4av-real-20260702-multiclient-scalability-run-4,p5g-scale-udp-payload-1024-clients-100,scale,guided-planning,udp,veh-73,veh-73,rsu-1,p5g-scale-udp-payload-1024-clients-100-veh-73-278,ipi-session-1,multiclient-scalability-run-4,veh-73,278,100-clients,default,stationary,unsynced,true,true,clients,100,count,IPI-CooperativeService,1102,1783019695455375945,1783019630681002015,1783019630681024140,1783019695495174975,39.799,,0.022,64814.151,"CooperativeService{guidedPlanning, status=request, vehicleId=0x7665682d3733, requestedHorizonMs=2500, confidence=100, planning.waypoints=1, offloadTaskId=udp-probe-278, offloadPayload=1024 bytes}"
5g-udp-sender,1783019695735139161,edge4av-real-20260702-multiclient-scalability-run-4,p5g-scale-udp-payload-1024-clients-100,scale,guided-planning,udp,veh-73,veh-73,rsu-1,p5g-scale-udp-payload-1024-clients-100-veh-73-279,ipi-session-1,multiclient-scalability-run-4,veh-73,279,100-clients,default,stationary,unsynced,true,true,clients,100,count,IPI-CooperativeService,1102,1783019695695365702,1783019630920658027,1783019630920743625,1783019695735139161,39.773,,0.086,64814.396,"CooperativeService{guidedPlanning, status=request, vehicleId=0x7665682d3733, requestedHorizonMs=2500, confidence=100, planning.waypoints=1, offloadTaskId=udp-probe-279, offloadPayload=1024 bytes}"
5g-udp-sender,1783019695963217621,edge4av-real-20260702-multiclient-scalability-run-4,p5g-scale-udp-payload-1024-clients-100,scale,guided-planning,udp,veh-73,veh-73,rsu-1,p5g-scale-udp-payload-1024-clients-100-veh-73-280,ipi-session-1,multiclient-scalability-run-4,veh-73,280,100-clients,default,stationary,unsynced,true,true,clients,100,count,IPI-CooperativeService,1102,1783019695935326190,1783019631151221222,1783019631151271292,1783019695963217621,27.891,,0.050,64811.946,"CooperativeService{guidedPlanning, status=request, vehicleId=0x7665682d3733, requestedHorizonMs=2500, confidence=100, planning.waypoints=1, offloadTaskId=udp-probe-280, offloadPayload=1024 bytes}"
5g-udp-sender,1783019696209162026,edge4av-real-20260702-multiclient-scalability-run-4,p5g-scale-udp-payload-1024-clients-100,scale,guided-planning,udp,veh-73,veh-73,rsu-1,p5g-scale-udp-payload-1024-clients-100-veh-73-281,ipi-session-1,multiclient-scalability-run-4,veh-73,281,100-clients,default,stationary,unsynced,true,true,clients,100,count,IPI-CooperativeService,1102,1783019696163407514,1783019631391645916,1783019631391672955,1783019696209162026,45.755,,0.027,64817.489,"CooperativeService{guidedPlanning, status=request, vehicleId=0x7665682d3733, requestedHorizonMs=2500, confidence=100, planning.waypoints=1, offloadTaskId=udp-probe-281, offloadPayload=1024 bytes}"
5g-udp-sender,1783019696451089640,edge4av-real-20260702-multiclient-scalability-run-4,p5g-scale-udp-payload-1024-clients-100,scale,guided-planning,udp,veh-73,veh-73,rsu-1,p5g-scale-udp-payload-1024-clients-100-veh-73-282,ipi-session-1,multiclient-scalability-run-4,veh-73,282,100-clients,default,stationary,unsynced,true,true,clients,100,count,IPI-CooperativeService,1102,1783019696409360476,1783019631632313118,1783019631632336651,1783019696451089640,41.729,,0.024,64818.753,"CooperativeService{guidedPlanning, status=request, vehicleId=0x7665682d3733, requestedHorizonMs=2500, confidence=100, planning.waypoints=1, offloadTaskId=udp-probe-282, offloadPayload=1024 bytes}"
5g-udp-sender,1783019696697185134,edge4av-real-20260702-multiclient-scalability-run-4,p5g-scale-udp-payload-1024-clients-100,scale,guided-planning,udp,veh-73,veh-73,rsu-1,p5g-scale-udp-payload-1024-clients-100-veh-73-283,ipi-session-1,multiclient-scalability-run-4,veh-73,283,100-clients,default,stationary,unsynced,true,true,clients,100,count,IPI-CooperativeService,1102,1783019696651238642,1783019631882064537,1783019631882114346,1783019696697185134,45.946,,0.050,64815.071,"CooperativeService{guidedPlanning, status=request, vehicleId=0x7665682d3733, requestedHorizonMs=2500, confidence=100, planning.waypoints=1, offloadTaskId=udp-probe-283, offloadPayload=1024 bytes}"
5g-udp-sender,1783019696967113876,edge4av-real-20260702-multiclient-scalability-run-4,p5g-scale-udp-payload-1024-clients-100,scale,guided-planning,udp,veh-73,veh-73,rsu-1,p5g-scale-udp-payload-1024-clients-100-veh-73-284,ipi-session-1,multiclient-scalability-run-4,veh-73,284,100-clients,default,stationary,unsynced,true,true,clients,100,count,IPI-CooperativeService,1102,1783019696897367509,1783019632152807411,1783019632152833355,1783019696967113876,69.746,,0.026,64814.281,"CooperativeService{guidedPlanning, status=request, vehicleId=0x7665682d3733, requestedHorizonMs=2500, confidence=100, planning.waypoints=1, offloadTaskId=udp-probe-284, offloadPayload=1024 bytes}"
5g-udp-sender,1783019697209047023,edge4av-real-20260702-multiclient-scalability-run-4,p5g-scale-udp-payload-1024-clients-100,scale,guided-planning,udp,veh-73,veh-73,rsu-1,p5g-scale-udp-payload-1024-clients-100-veh-73-285,ipi-session-1,multiclient-scalability-run-4,veh-73,285,100-clients,default,stationary,unsynced,true,true,clients,100,count,IPI-CooperativeService,1102,1783019697167269361,1783019632392799580,1783019632392849911,1783019697209047023,41.778,,0.050,64816.197,"CooperativeService{guidedPlanning, status=request, vehicleId=0x7665682d3733, requestedHorizonMs=2500, confidence=100, planning.waypoints=1, offloadTaskId=udp-probe-285, offloadPayload=1024 bytes}"
5g-udp-sender,1783019697451152172,edge4av-real-20260702-multiclient-scalability-run-4,p5g-scale-udp-payload-1024-clients-100,scale,guided-planning,udp,veh-73,veh-73,rsu-1,p5g-scale-udp-payload-1024-clients-100-veh-73-286,ipi-session-1,multiclient-scalability-run-4,veh-73,286,100-clients,default,stationary,unsynced,true,true,clients,100,count,IPI-CooperativeService,1102,1783019697409195558,1783019632633720096,1783019632633742035,1783019697451152172,41.957,,0.022,64817.410,"CooperativeService{guidedPlanning, status=request, vehicleId=0x7665682d3733, requestedHorizonMs=2500, confidence=100, planning.waypoints=1, offloadTaskId=udp-probe-286, offloadPayload=1024 bytes}"
5g-udp-sender,1783019697689181782,edge4av-real-20260702-multiclient-scalability-run-4,p5g-scale-udp-payload-1024-clients-100,scale,guided-planning,udp,veh-73,veh-73,rsu-1,p5g-scale-udp-payload-1024-clients-100-veh-73-287,ipi-session-1,multiclient-scalability-run-4,veh-73,287,100-clients,default,stationary,unsynced,true,true,clients,100,count,IPI-CooperativeService,1102,1783019697651334404,1783019632874021609,1783019632874047571,1783019697689181782,37.847,,0.026,64815.134,"CooperativeService{guidedPlanning, status=request, vehicleId=0x7665682d3733, requestedHorizonMs=2500, confidence=100, planning.waypoints=1, offloadTaskId=udp-probe-287, offloadPayload=1024 bytes}"
5g-udp-sender,1783019697929155680,edge4av-real-20260702-multiclient-scalability-run-4,p5g-scale-udp-payload-1024-clients-100,scale,guided-planning,udp,veh-73,veh-73,rsu-1,p5g-scale-udp-payload-1024-clients-100-veh-73-288,ipi-session-1,multiclient-scalability-run-4,veh-73,288,100-clients,default,stationary,unsynced,true,true,clients,100,count,IPI-CooperativeService,1102,1783019697889380727,1783019633114194455,1783019633114221976,1783019697929155680,39.775,,0.028,64814.934,"CooperativeService{guidedPlanning, status=request, vehicleId=0x7665682d3733, requestedHorizonMs=2500, confidence=100, planning.waypoints=1, offloadTaskId=udp-probe-288, offloadPayload=1024 bytes}"
5g-udp-sender,1783019698167026267,edge4av-real-20260702-multiclient-scalability-run-4,p5g-scale-udp-payload-1024-clients-100,scale,guided-planning,udp,veh-73,veh-73,rsu-1,p5g-scale-udp-payload-1024-clients-100-veh-73-289,ipi-session-1,multiclient-scalability-run-4,veh-73,289,100-clients,default,stationary,unsynced,true,true,clients,100,count,IPI-CooperativeService,1102,1783019698129313095,1783019633354399688,1783019633354449237,1783019698167026267,37.713,,0.050,64812.577,"CooperativeService{guidedPlanning, status=request, vehicleId=0x7665682d3733, requestedHorizonMs=2500, confidence=100, planning.waypoints=1, offloadTaskId=udp-probe-289, offloadPayload=1024 bytes}"
5g-udp-sender,1783019698413163064,edge4av-real-20260702-multiclient-scalability-run-4,p5g-scale-udp-payload-1024-clients-100,scale,guided-planning,udp,veh-73,veh-73,rsu-1,p5g-scale-udp-payload-1024-clients-100-veh-73-290,ipi-session-1,multiclient-scalability-run-4,veh-73,290,100-clients,default,stationary,unsynced,true,true,clients,100,count,IPI-CooperativeService,1102,1783019698367171982,1783019633595319435,1783019633595344726,1783019698413163064,45.991,,0.025,64817.818,"CooperativeService{guidedPlanning, status=request, vehicleId=0x7665682d3733, requestedHorizonMs=2500, confidence=100, planning.waypoints=1, offloadTaskId=udp-probe-290, offloadPayload=1024 bytes}"
5g-udp-sender,1783019698657152083,edge4av-real-20260702-multiclient-scalability-run-4,p5g-scale-udp-payload-1024-clients-100,scale,guided-planning,udp,veh-73,veh-73,rsu-1,p5g-scale-udp-payload-1024-clients-100-veh-73-291,ipi-session-1,multiclient-scalability-run-4,veh-73,291,100-clients,default,stationary,unsynced,true,true,clients,100,count,IPI-CooperativeService,1102,1783019698613312615,1783019633845082318,1783019633845131949,1783019698657152083,43.839,,0.050,64812.020,"CooperativeService{guidedPlanning, status=request, vehicleId=0x7665682d3733, requestedHorizonMs=2500, confidence=100, planning.waypoints=1, offloadTaskId=udp-probe-291, offloadPayload=1024 bytes}"
5g-udp-sender,1783019698899079246,edge4av-real-20260702-multiclient-scalability-run-4,p5g-scale-udp-payload-1024-clients-100,scale,guided-planning,udp,veh-73,veh-73,rsu-1,p5g-scale-udp-payload-1024-clients-100-veh-73-292,ipi-session-1,multiclient-scalability-run-4,veh-73,292,100-clients,default,stationary,unsynced,true,true,clients,100,count,IPI-CooperativeService,1102,1783019698857302208,1783019634085977326,1783019634085999734,1783019698899079246,41.777,,0.022,64813.080,"CooperativeService{guidedPlanning, status=request, vehicleId=0x7665682d3733, requestedHorizonMs=2500, confidence=100, planning.waypoints=1, offloadTaskId=udp-probe-292, offloadPayload=1024 bytes}"
5g-udp-sender,1783019699143257491,edge4av-real-20260702-multiclient-scalability-run-4,p5g-scale-udp-payload-1024-clients-100,scale,guided-planning,udp,veh-73,veh-73,rsu-1,p5g-scale-udp-payload-1024-clients-100-veh-73-293,ipi-session-1,multiclient-scalability-run-4,veh-73,293,100-clients,default,stationary,unsynced,true,true,clients,100,count,IPI-CooperativeService,1102,1783019699099258351,1783019634326266050,1783019634326289283,1783019699143257491,43.999,,0.023,64816.968,"CooperativeService{guidedPlanning, status=request, vehicleId=0x7665682d3733, requestedHorizonMs=2500, confidence=100, planning.waypoints=1, offloadTaskId=udp-probe-293, offloadPayload=1024 bytes}"
5g-udp-sender,1783019699405140605,edge4av-real-20260702-multiclient-scalability-run-4,p5g-scale-udp-payload-1024-clients-100,scale,guided-planning,udp,veh-73,veh-73,rsu-1,p5g-scale-udp-payload-1024-clients-100-veh-73-294,ipi-session-1,multiclient-scalability-run-4,veh-73,294,100-clients,default,stationary,unsynced,true,true,clients,100,count,IPI-CooperativeService,1102,1783019699343401138,1783019634586710458,1783019634586732335,1783019699405140605,61.739,,0.022,64818.408,"CooperativeService{guidedPlanning, status=request, vehicleId=0x7665682d3733, requestedHorizonMs=2500, confidence=100, planning.waypoints=1, offloadTaskId=udp-probe-294, offloadPayload=1024 bytes}"
5g-udp-sender,1783019699641084081,edge4av-real-20260702-multiclient-scalability-run-4,p5g-scale-udp-payload-1024-clients-100,scale,guided-planning,udp,veh-73,veh-73,rsu-1,p5g-scale-udp-payload-1024-clients-100-veh-73-295,ipi-session-1,multiclient-scalability-run-4,veh-73,295,100-clients,default,stationary,unsynced,true,true,clients,100,count,IPI-CooperativeService,1102,1783019699605312496,1783019634826379418,1783019634826429757,1783019699641084081,35.772,,0.050,64814.654,"CooperativeService{guidedPlanning, status=request, vehicleId=0x7665682d3733, requestedHorizonMs=2500, confidence=100, planning.waypoints=1, offloadTaskId=udp-probe-295, offloadPayload=1024 bytes}"
5g-udp-sender,1783019699882984840,edge4av-real-20260702-multiclient-scalability-run-4,p5g-scale-udp-payload-1024-clients-100,scale,guided-planning,udp,veh-73,veh-73,rsu-1,p5g-scale-udp-payload-1024-clients-100-veh-73-296,ipi-session-1,multiclient-scalability-run-4,veh-73,296,100-clients,default,stationary,unsynced,true,true,clients,100,count,IPI-CooperativeService,1102,1783019699841265409,1783019635067002646,1783019635067052584,1783019699882984840,41.719,,0.050,64815.932,"CooperativeService{guidedPlanning, status=request, vehicleId=0x7665682d3733, requestedHorizonMs=2500, confidence=100, planning.waypoints=1, offloadTaskId=udp-probe-296, offloadPayload=1024 bytes}"
5g-udp-sender,1783019700125077237,edge4av-real-20260702-multiclient-scalability-run-4,p5g-scale-udp-payload-1024-clients-100,scale,guided-planning,udp,veh-73,veh-73,rsu-1,p5g-scale-udp-payload-1024-clients-100-veh-73-297,ipi-session-1,multiclient-scalability-run-4,veh-73,297,100-clients,default,stationary,unsynced,true,true,clients,100,count,IPI-CooperativeService,1102,1783019700083162514,1783019635307547949,1783019635307576254,1783019700125077237,41.915,,0.028,64817.501,"CooperativeService{guidedPlanning, status=request, vehicleId=0x7665682d3733, requestedHorizonMs=2500, confidence=100, planning.waypoints=1, offloadTaskId=udp-probe-297, offloadPayload=1024 bytes}"
5g-udp-sender,1783019700363144426,edge4av-real-20260702-multiclient-scalability-run-4,p5g-scale-udp-payload-1024-clients-100,scale,guided-planning,udp,veh-73,veh-73,rsu-1,p5g-scale-udp-payload-1024-clients-100-veh-73-298,ipi-session-1,multiclient-scalability-run-4,veh-73,298,100-clients,default,stationary,unsynced,true,true,clients,100,count,IPI-CooperativeService,1102,1783019700325233234,1783019635548033522,1783019635548056775,1783019700363144426,37.911,,0.023,64815.088,"CooperativeService{guidedPlanning, status=request, vehicleId=0x7665682d3733, requestedHorizonMs=2500, confidence=100, planning.waypoints=1, offloadTaskId=udp-probe-298, offloadPayload=1024 bytes}"
5g-udp-sender,1783019700601244715,edge4av-real-20260702-multiclient-scalability-run-4,p5g-scale-udp-payload-1024-clients-100,scale,guided-planning,udp,veh-73,veh-73,rsu-1,p5g-scale-udp-payload-1024-clients-100-veh-73-299,ipi-session-1,multiclient-scalability-run-4,veh-73,299,100-clients,default,stationary,unsynced,true,true,clients,100,count,IPI-CooperativeService,1102,1783019700563332390,1783019635788389956,1783019635788412761,1783019700601244715,37.912,,0.023,64812.832,"CooperativeService{guidedPlanning, status=request, vehicleId=0x7665682d3733, requestedHorizonMs=2500, confidence=100, planning.waypoints=1, offloadTaskId=udp-probe-299, offloadPayload=1024 bytes}"
5g-udp-sender,1783019700857124959,edge4av-real-20260702-multiclient-scalability-run-4,p5g-scale-udp-payload-1024-clients-100,scale,guided-planning,udp,veh-73,veh-73,rsu-1,p5g-scale-udp-payload-1024-clients-100-veh-73-300,ipi-session-1,multiclient-scalability-run-4,veh-73,300,100-clients,default,stationary,unsynced,true,true,clients,100,count,IPI-CooperativeService,1102,1783019700801409413,1783019636038776109,1783019636038827465,1783019700857124959,55.716,,0.051,64818.297,"CooperativeService{guidedPlanning, status=request, vehicleId=0x7665682d3733, requestedHorizonMs=2500, confidence=100, planning.waypoints=1, offloadTaskId=udp-probe-300, offloadPayload=1024 bytes}"
5g-udp-sender,1783019701113284486,edge4av-real-20260702-multiclient-scalability-run-4,p5g-scale-udp-payload-1024-clients-100,scale,guided-planning,udp,veh-73,veh-73,rsu-1,p5g-scale-udp-payload-1024-clients-100-veh-73-301,ipi-session-1,multiclient-scalability-run-4,veh-73,301,100-clients,default,stationary,unsynced,true,true,clients,100,count,IPI-CooperativeService,1102,1783019701057307820,1783019636299307839,1783019636299331435,1783019701113284486,55.977,,0.024,64813.953,"CooperativeService{guidedPlanning, status=request, vehicleId=0x7665682d3733, requestedHorizonMs=2500, confidence=100, planning.waypoints=1, offloadTaskId=udp-probe-301, offloadPayload=1024 bytes}"
5g-udp-sender,1783019701361415166,edge4av-real-20260702-multiclient-scalability-run-4,p5g-scale-udp-payload-1024-clients-100,scale,guided-planning,udp,veh-73,veh-73,rsu-1,p5g-scale-udp-payload-1024-clients-100-veh-73-302,ipi-session-1,multiclient-scalability-run-4,veh-73,302,100-clients,default,stationary,unsynced,true,true,clients,100,count,IPI-CooperativeService,1102,1783019701313469577,1783019636539865986,1783019636539888745,1783019701361415166,47.946,,0.023,64821.526,"CooperativeService{guidedPlanning, status=request, vehicleId=0x7665682d3733, requestedHorizonMs=2500, confidence=100, planning.waypoints=1, offloadTaskId=udp-probe-302, offloadPayload=1024 bytes}"
5g-udp-sender,1783019701597197073,edge4av-real-20260702-multiclient-scalability-run-4,p5g-scale-udp-payload-1024-clients-100,scale,guided-planning,udp,veh-73,veh-73,rsu-1,p5g-scale-udp-payload-1024-clients-100-veh-73-303,ipi-session-1,multiclient-scalability-run-4,veh-73,303,100-clients,default,stationary,unsynced,true,true,clients,100,count,IPI-CooperativeService,1102,1783019701561566930,1783019636779715711,1783019636779742749,1783019701597197073,35.630,,0.027,64817.454,"CooperativeService{guidedPlanning, status=request, vehicleId=0x7665682d3733, requestedHorizonMs=2500, confidence=100, planning.waypoints=1, offloadTaskId=udp-probe-303, offloadPayload=1024 bytes}"
5g-udp-sender,1783019701835093923,edge4av-real-20260702-multiclient-scalability-run-4,p5g-scale-udp-payload-1024-clients-100,scale,guided-planning,udp,veh-73,veh-73,rsu-1,p5g-scale-udp-payload-1024-clients-100-veh-73-304,ipi-session-1,multiclient-scalability-run-4,veh-73,304,100-clients,default,stationary,unsynced,true,true,clients,100,count,IPI-CooperativeService,1102,1783019701797362463,1783019637019943838,1783019637019993877,1783019701835093923,37.731,,0.050,64815.100,"CooperativeService{guidedPlanning, status=request, vehicleId=0x7665682d3733, requestedHorizonMs=2500, confidence=100, planning.waypoints=1, offloadTaskId=udp-probe-304, offloadPayload=1024 bytes}"
5g-udp-sender,1783019702069120793,edge4av-real-20260702-multiclient-scalability-run-4,p5g-scale-udp-payload-1024-clients-100,scale,guided-planning,udp,veh-73,veh-73,rsu-1,p5g-scale-udp-payload-1024-clients-100-veh-73-305,ipi-session-1,multiclient-scalability-run-4,veh-73,305,100-clients,default,stationary,unsynced,true,true,clients,100,count,IPI-CooperativeService,1102,1783019702035280533,1783019637250576697,1783019637250601188,1783019702069120793,33.840,,0.024,64818.520,"CooperativeService{guidedPlanning, status=request, vehicleId=0x7665682d3733, requestedHorizonMs=2500, confidence=100, planning.waypoints=1, offloadTaskId=udp-probe-305, offloadPayload=1024 bytes}"
5g-udp-sender,1783019702307184734,edge4av-real-20260702-multiclient-scalability-run-4,p5g-scale-udp-payload-1024-clients-100,scale,guided-planning,udp,veh-73,veh-73,rsu-1,p5g-scale-udp-payload-1024-clients-100-veh-73-306,ipi-session-1,multiclient-scalability-run-4,veh-73,306,100-clients,default,stationary,unsynced,true,true,clients,100,count,IPI-CooperativeService,1102,1783019702269271796,1783019637490710028,1783019637490760005,1783019702307184734,37.913,,0.050,64816.425,"CooperativeService{guidedPlanning, status=request, vehicleId=0x7665682d3733, requestedHorizonMs=2500, confidence=100, planning.waypoints=1, offloadTaskId=udp-probe-306, offloadPayload=1024 bytes}"
5g-udp-sender,1783019702537215470,edge4av-real-20260702-multiclient-scalability-run-4,p5g-scale-udp-payload-1024-clients-100,scale,guided-planning,udp,veh-73,veh-73,rsu-1,p5g-scale-udp-payload-1024-clients-100-veh-73-307,ipi-session-1,multiclient-scalability-run-4,veh-73,307,100-clients,default,stationary,unsynced,true,true,clients,100,count,IPI-CooperativeService,1102,1783019702507335271,1783019637721600863,1783019637721624011,1783019702537215470,29.880,,0.023,64815.591,"CooperativeService{guidedPlanning, status=request, vehicleId=0x7665682d3733, requestedHorizonMs=2500, confidence=100, planning.waypoints=1, offloadTaskId=udp-probe-307, offloadPayload=1024 bytes}"
5g-udp-sender,1783019702777193496,edge4av-real-20260702-multiclient-scalability-run-4,p5g-scale-udp-payload-1024-clients-100,scale,guided-planning,udp,veh-73,veh-73,rsu-1,p5g-scale-udp-payload-1024-clients-100-veh-73-308,ipi-session-1,multiclient-scalability-run-4,veh-73,308,100-clients,default,stationary,unsynced,true,true,clients,100,count,IPI-CooperativeService,1102,1783019702737394140,1783019637961576007,1783019637961598993,1783019702777193496,39.799,,0.023,64815.595,"CooperativeService{guidedPlanning, status=request, vehicleId=0x7665682d3733, requestedHorizonMs=2500, confidence=100, planning.waypoints=1, offloadTaskId=udp-probe-308, offloadPayload=1024 bytes}"
5g-udp-sender,1783019703021189777,edge4av-real-20260702-multiclient-scalability-run-4,p5g-scale-udp-payload-1024-clients-100,scale,guided-planning,udp,veh-73,veh-73,rsu-1,p5g-scale-udp-payload-1024-clients-100-veh-73-309,ipi-session-1,multiclient-scalability-run-4,veh-73,309,100-clients,default,stationary,unsynced,true,true,clients,100,count,IPI-CooperativeService,1102,1783019702977379382,1783019638201902335,1783019638201928884,1783019703021189777,43.810,,0.027,64819.261,"CooperativeService{guidedPlanning, status=request, vehicleId=0x7665682d3733, requestedHorizonMs=2500, confidence=100, planning.waypoints=1, offloadTaskId=udp-probe-309, offloadPayload=1024 bytes}"
5g-udp-sender,1783019703251214218,edge4av-real-20260702-multiclient-scalability-run-4,p5g-scale-udp-payload-1024-clients-100,scale,guided-planning,udp,veh-73,veh-73,rsu-1,p5g-scale-udp-payload-1024-clients-100-veh-73-310,ipi-session-1,multiclient-scalability-run-4,veh-73,310,100-clients,default,stationary,unsynced,true,true,clients,100,count,IPI-CooperativeService,1102,1783019703221358536,1783019638432407169,1783019638432429694,1783019703251214218,29.856,,0.023,64818.785,"CooperativeService{guidedPlanning, status=request, vehicleId=0x7665682d3733, requestedHorizonMs=2500, confidence=100, planning.waypoints=1, offloadTaskId=udp-probe-310, offloadPayload=1024 bytes}"
5g-udp-sender,1783019703501161995,edge4av-real-20260702-multiclient-scalability-run-4,p5g-scale-udp-payload-1024-clients-100,scale,guided-planning,udp,veh-73,veh-73,rsu-1,p5g-scale-udp-payload-1024-clients-100-veh-73-311,ipi-session-1,multiclient-scalability-run-4,veh-73,311,100-clients,default,stationary,unsynced,true,true,clients,100,count,IPI-CooperativeService,1102,1783019703451400708,1783019638682421325,1783019638682449084,1783019703501161995,49.761,,0.028,64818.713,"CooperativeService{guidedPlanning, status=request, vehicleId=0x7665682d3733, requestedHorizonMs=2500, confidence=100, planning.waypoints=1, offloadTaskId=udp-probe-311, offloadPayload=1024 bytes}"
5g-udp-sender,1783019703739228189,edge4av-real-20260702-multiclient-scalability-run-4,p5g-scale-udp-payload-1024-clients-100,scale,guided-planning,udp,veh-73,veh-73,rsu-1,p5g-scale-udp-payload-1024-clients-100-veh-73-312,ipi-session-1,multiclient-scalability-run-4,veh-73,312,100-clients,default,stationary,unsynced,true,true,clients,100,count,IPI-CooperativeService,1102,1783019703701309981,1783019638923140514,1783019638923164529,1783019703739228189,37.918,,0.024,64816.064,"CooperativeService{guidedPlanning, status=request, vehicleId=0x7665682d3733, requestedHorizonMs=2500, confidence=100, planning.waypoints=1, offloadTaskId=udp-probe-312, offloadPayload=1024 bytes}"
5g-udp-sender,1783019703999172010,edge4av-real-20260702-multiclient-scalability-run-4,p5g-scale-udp-payload-1024-clients-100,scale,guided-planning,udp,veh-73,veh-73,rsu-1,p5g-scale-udp-payload-1024-clients-100-veh-73-313,ipi-session-1,multiclient-scalability-run-4,veh-73,313,100-clients,default,stationary,unsynced,true,true,clients,100,count,IPI-CooperativeService,1102,1783019703939385305,1783019639182887426,1783019639182927004,1783019703999172010,59.787,,0.040,64816.245,"CooperativeService{guidedPlanning, status=request, vehicleId=0x7665682d3733, requestedHorizonMs=2500, confidence=100, planning.waypoints=1, offloadTaskId=udp-probe-313, offloadPayload=1024 bytes}"
5g-udp-sender,1783019704251072997,edge4av-real-20260702-multiclient-scalability-run-4,p5g-scale-udp-payload-1024-clients-100,scale,guided-planning,udp,veh-73,veh-73,rsu-1,p5g-scale-udp-payload-1024-clients-100-veh-73-314,ipi-session-1,multiclient-scalability-run-4,veh-73,314,100-clients,default,stationary,unsynced,true,true,clients,100,count,IPI-CooperativeService,1102,1783019704199356652,1783019639433816573,1783019639433842674,1783019704251072997,51.716,,0.026,64817.230,"CooperativeService{guidedPlanning, status=request, vehicleId=0x7665682d3733, requestedHorizonMs=2500, confidence=100, planning.waypoints=1, offloadTaskId=udp-probe-314, offloadPayload=1024 bytes}"
5g-udp-sender,1783019704531134181,edge4av-real-20260702-multiclient-scalability-run-4,p5g-scale-udp-payload-1024-clients-100,scale,guided-planning,udp,veh-73,veh-73,rsu-1,p5g-scale-udp-payload-1024-clients-100-veh-73-315,ipi-session-1,multiclient-scalability-run-4,veh-73,315,100-clients,default,stationary,unsynced,true,true,clients,100,count,IPI-CooperativeService,1102,1783019704451237610,1783019639713860507,1783019639713911124,1783019704531134181,79.897,,0.051,64817.223,"CooperativeService{guidedPlanning, status=request, vehicleId=0x7665682d3733, requestedHorizonMs=2500, confidence=100, planning.waypoints=1, offloadTaskId=udp-probe-315, offloadPayload=1024 bytes}"
5g-udp-sender,1783019704777251298,edge4av-real-20260702-multiclient-scalability-run-4,p5g-scale-udp-payload-1024-clients-100,scale,guided-planning,udp,veh-73,veh-73,rsu-1,p5g-scale-udp-payload-1024-clients-100-veh-73-316,ipi-session-1,multiclient-scalability-run-4,veh-73,316,100-clients,default,stationary,unsynced,true,true,clients,100,count,IPI-CooperativeService,1102,1783019704731291407,1783019639964202261,1783019639964252504,1783019704777251298,45.960,,0.050,64812.999,"CooperativeService{guidedPlanning, status=request, vehicleId=0x7665682d3733, requestedHorizonMs=2500, confidence=100, planning.waypoints=1, offloadTaskId=udp-probe-316, offloadPayload=1024 bytes}"
5g-udp-sender,1783019705019158208,edge4av-real-20260702-multiclient-scalability-run-4,p5g-scale-udp-payload-1024-clients-100,scale,guided-planning,udp,veh-73,veh-73,rsu-1,p5g-scale-udp-payload-1024-clients-100-veh-73-317,ipi-session-1,multiclient-scalability-run-4,veh-73,317,100-clients,default,stationary,unsynced,true,true,clients,100,count,IPI-CooperativeService,1102,1783019704977458401,1783019640204646375,1783019640204726446,1783019705019158208,41.700,,0.080,64814.432,"CooperativeService{guidedPlanning, status=request, vehicleId=0x7665682d3733, requestedHorizonMs=2500, confidence=100, planning.waypoints=1, offloadTaskId=udp-probe-317, offloadPayload=1024 bytes}"
5g-udp-sender,1783019705256861191,edge4av-real-20260702-multiclient-scalability-run-4,p5g-scale-udp-payload-1024-clients-100,scale,guided-planning,udp,veh-73,veh-73,rsu-1,p5g-scale-udp-payload-1024-clients-100-veh-73-318,ipi-session-1,multiclient-scalability-run-4,veh-73,318,100-clients,default,stationary,unsynced,true,true,clients,100,count,IPI-CooperativeService,1102,1783019705219320163,1783019640445065790,1783019640445115696,1783019705256861191,37.541,,0.050,64811.745,"CooperativeService{guidedPlanning, status=request, vehicleId=0x7665682d3733, requestedHorizonMs=2500, confidence=100, planning.waypoints=1, offloadTaskId=udp-probe-318, offloadPayload=1024 bytes}"
5g-udp-sender,1783019705491434606,edge4av-real-20260702-multiclient-scalability-run-4,p5g-scale-udp-payload-1024-clients-100,scale,guided-planning,udp,veh-73,veh-73,rsu-1,p5g-scale-udp-payload-1024-clients-100-veh-73-319,ipi-session-1,multiclient-scalability-run-4,veh-73,319,100-clients,default,stationary,unsynced,true,true,clients,100,count,IPI-CooperativeService,1102,1783019705457012890,1783019640676100009,1783019640676122486,1783019705491434606,34.422,,0.022,64815.312,"CooperativeService{guidedPlanning, status=request, vehicleId=0x7665682d3733, requestedHorizonMs=2500, confidence=100, planning.waypoints=1, offloadTaskId=udp-probe-319, offloadPayload=1024 bytes}"
5g-udp-sender,1783019705735083534,edge4av-real-20260702-multiclient-scalability-run-4,p5g-scale-udp-payload-1024-clients-100,scale,guided-planning,udp,veh-73,veh-73,rsu-1,p5g-scale-udp-payload-1024-clients-100-veh-73-320,ipi-session-1,multiclient-scalability-run-4,veh-73,320,100-clients,default,stationary,unsynced,true,true,clients,100,count,IPI-CooperativeService,1102,1783019705691578041,1783019640916822647,1783019640916848636,1783019705735083534,43.505,,0.026,64818.235,"CooperativeService{guidedPlanning, status=request, vehicleId=0x7665682d3733, requestedHorizonMs=2500, confidence=100, planning.waypoints=1, offloadTaskId=udp-probe-320, offloadPayload=1024 bytes}"
5g-udp-sender,1783019705973321390,edge4av-real-20260702-multiclient-scalability-run-4,p5g-scale-udp-payload-1024-clients-100,scale,guided-planning,udp,veh-73,veh-73,rsu-1,p5g-scale-udp-payload-1024-clients-100-veh-73-321,ipi-session-1,multiclient-scalability-run-4,veh-73,321,100-clients,default,stationary,unsynced,true,true,clients,100,count,IPI-CooperativeService,1102,1783019705935234790,1783019641156810594,1783019641156833986,1783019705973321390,38.087,,0.023,64816.487,"CooperativeService{guidedPlanning, status=request, vehicleId=0x7665682d3733, requestedHorizonMs=2500, confidence=100, planning.waypoints=1, offloadTaskId=udp-probe-321, offloadPayload=1024 bytes}"
5g-udp-sender,1783019706213144269,edge4av-real-20260702-multiclient-scalability-run-4,p5g-scale-udp-payload-1024-clients-100,scale,guided-planning,udp,veh-73,veh-73,rsu-1,p5g-scale-udp-payload-1024-clients-100-veh-73-322,ipi-session-1,multiclient-scalability-run-4,veh-73,322,100-clients,default,stationary,unsynced,true,true,clients,100,count,IPI-CooperativeService,1102,1783019706173488685,1783019641397328983,1783019641397353233,1783019706213144269,39.656,,0.024,64815.791,"CooperativeService{guidedPlanning, status=request, vehicleId=0x7665682d3733, requestedHorizonMs=2500, confidence=100, planning.waypoints=1, offloadTaskId=udp-probe-322, offloadPayload=1024 bytes}"
5g-udp-sender,1783019706449089925,edge4av-real-20260702-multiclient-scalability-run-4,p5g-scale-udp-payload-1024-clients-100,scale,guided-planning,udp,veh-73,veh-73,rsu-1,p5g-scale-udp-payload-1024-clients-100-veh-73-323,ipi-session-1,multiclient-scalability-run-4,veh-73,323,100-clients,default,stationary,unsynced,true,true,clients,100,count,IPI-CooperativeService,1102,1783019706413335184,1783019641637013726,1783019641637063464,1783019706449089925,35.755,,0.050,64812.026,"CooperativeService{guidedPlanning, status=request, vehicleId=0x7665682d3733, requestedHorizonMs=2500, confidence=100, planning.waypoints=1, offloadTaskId=udp-probe-323, offloadPayload=1024 bytes}"
5g-udp-sender,1783019706683321205,edge4av-real-20260702-multiclient-scalability-run-4,p5g-scale-udp-payload-1024-clients-100,scale,guided-planning,udp,veh-73,veh-73,rsu-1,p5g-scale-udp-payload-1024-clients-100-veh-73-324,ipi-session-1,multiclient-scalability-run-4,veh-73,324,100-clients,default,stationary,unsynced,true,true,clients,100,count,IPI-CooperativeService,1102,1783019706649240763,1783019641867904719,1783019641867928502,1783019706683321205,34.080,,0.024,64815.393,"CooperativeService{guidedPlanning, status=request, vehicleId=0x7665682d3733, requestedHorizonMs=2500, confidence=100, planning.waypoints=1, offloadTaskId=udp-probe-324, offloadPayload=1024 bytes}"
5g-udp-sender,1783019706927141046,edge4av-real-20260702-multiclient-scalability-run-4,p5g-scale-udp-payload-1024-clients-100,scale,guided-planning,udp,veh-73,veh-73,rsu-1,p5g-scale-udp-payload-1024-clients-100-veh-73-325,ipi-session-1,multiclient-scalability-run-4,veh-73,325,100-clients,default,stationary,unsynced,true,true,clients,100,count,IPI-CooperativeService,1102,1783019706883487397,1783019642108014991,1783019642108044291,1783019706927141046,43.654,,0.029,64819.097,"CooperativeService{guidedPlanning, status=request, vehicleId=0x7665682d3733, requestedHorizonMs=2500, confidence=100, planning.waypoints=1, offloadTaskId=udp-probe-325, offloadPayload=1024 bytes}"
5g-udp-sender,1783019707163103581,edge4av-real-20260702-multiclient-scalability-run-4,p5g-scale-udp-payload-1024-clients-100,scale,guided-planning,udp,veh-73,veh-73,rsu-1,p5g-scale-udp-payload-1024-clients-100-veh-73-326,ipi-session-1,multiclient-scalability-run-4,veh-73,326,100-clients,default,stationary,unsynced,true,true,clients,100,count,IPI-CooperativeService,1102,1783019707127298507,1783019642348462612,1783019642348489028,1783019707163103581,35.805,,0.026,64814.615,"CooperativeService{guidedPlanning, status=request, vehicleId=0x7665682d3733, requestedHorizonMs=2500, confidence=100, planning.waypoints=1, offloadTaskId=udp-probe-326, offloadPayload=1024 bytes}"
5g-udp-sender,1783019707393288966,edge4av-real-20260702-multiclient-scalability-run-4,p5g-scale-udp-payload-1024-clients-100,scale,guided-planning,udp,veh-73,veh-73,rsu-1,p5g-scale-udp-payload-1024-clients-100-veh-73-327,ipi-session-1,multiclient-scalability-run-4,veh-73,327,100-clients,default,stationary,unsynced,true,true,clients,100,count,IPI-CooperativeService,1102,1783019707363253786,1783019642579373923,1783019642579396175,1783019707393288966,30.035,,0.022,64813.893,"CooperativeService{guidedPlanning, status=request, vehicleId=0x7665682d3733, requestedHorizonMs=2500, confidence=100, planning.waypoints=1, offloadTaskId=udp-probe-327, offloadPayload=1024 bytes}"
5g-udp-sender,1783019707637146177,edge4av-real-20260702-multiclient-scalability-run-4,p5g-scale-udp-payload-1024-clients-100,scale,guided-planning,udp,veh-73,veh-73,rsu-1,p5g-scale-udp-payload-1024-clients-100-veh-73-328,ipi-session-1,multiclient-scalability-run-4,veh-73,328,100-clients,default,stationary,unsynced,true,true,clients,100,count,IPI-CooperativeService,1102,1783019707593451688,1783019642819843950,1783019642819866018,1783019707637146177,43.694,,0.022,64817.280,"CooperativeService{guidedPlanning, status=request, vehicleId=0x7665682d3733, requestedHorizonMs=2500, confidence=100, planning.waypoints=1, offloadTaskId=udp-probe-328, offloadPayload=1024 bytes}"
5g-udp-sender,1783019707925074266,edge4av-real-20260702-multiclient-scalability-run-4,p5g-scale-udp-payload-1024-clients-100,scale,guided-planning,udp,veh-73,veh-73,rsu-1,p5g-scale-udp-payload-1024-clients-100-veh-73-329,ipi-session-1,multiclient-scalability-run-4,veh-73,329,100-clients,default,stationary,unsynced,true,true,clients,100,count,IPI-CooperativeService,1102,1783019707837320101,1783019643109490901,1783019643109541631,1783019707925074266,87.754,,0.051,64815.533,"CooperativeService{guidedPlanning, status=request, vehicleId=0x7665682d3733, requestedHorizonMs=2500, confidence=100, planning.waypoints=1, offloadTaskId=udp-probe-329, offloadPayload=1024 bytes}"
5g-udp-sender,1783019708215126980,edge4av-real-20260702-multiclient-scalability-run-4,p5g-scale-udp-payload-1024-clients-100,scale,guided-planning,udp,veh-73,veh-73,rsu-1,p5g-scale-udp-payload-1024-clients-100-veh-73-330,ipi-session-1,multiclient-scalability-run-4,veh-73,330,100-clients,default,stationary,unsynced,true,true,clients,100,count,IPI-CooperativeService,1102,1783019708125237708,1783019643400364283,1783019643400388390,1783019708215126980,89.889,,0.024,64814.739,"CooperativeService{guidedPlanning, status=request, vehicleId=0x7665682d3733, requestedHorizonMs=2500, confidence=100, planning.waypoints=1, offloadTaskId=udp-probe-330, offloadPayload=1024 bytes}"
5g-udp-sender,1783019708511130699,edge4av-real-20260702-multiclient-scalability-run-4,p5g-scale-udp-payload-1024-clients-100,scale,guided-planning,udp,veh-73,veh-73,rsu-1,p5g-scale-udp-payload-1024-clients-100-veh-73-331,ipi-session-1,multiclient-scalability-run-4,veh-73,331,100-clients,default,stationary,unsynced,true,true,clients,100,count,IPI-CooperativeService,1102,1783019708415279381,1783019643691093732,1783019643691117496,1783019708511130699,95.851,,0.024,64820.013,"CooperativeService{guidedPlanning, status=request, vehicleId=0x7665682d3733, requestedHorizonMs=2500, confidence=100, planning.waypoints=1, offloadTaskId=udp-probe-331, offloadPayload=1024 bytes}"
5g-udp-sender,1783019708807131985,edge4av-real-20260702-multiclient-scalability-run-4,p5g-scale-udp-payload-1024-clients-100,scale,guided-planning,udp,veh-73,veh-73,rsu-1,p5g-scale-udp-payload-1024-clients-100-veh-73-332,ipi-session-1,multiclient-scalability-run-4,veh-73,332,100-clients,default,stationary,unsynced,true,true,clients,100,count,IPI-CooperativeService,1102,1783019708711311340,1783019643991137920,1783019643991166845,1783019708807131985,95.821,,0.029,64815.965,"CooperativeService{guidedPlanning, status=request, vehicleId=0x7665682d3733, requestedHorizonMs=2500, confidence=100, planning.waypoints=1, offloadTaskId=udp-probe-332, offloadPayload=1024 bytes}"
5g-udp-sender,1783019709077233922,edge4av-real-20260702-multiclient-scalability-run-4,p5g-scale-udp-payload-1024-clients-100,scale,guided-planning,udp,veh-73,veh-73,rsu-1,p5g-scale-udp-payload-1024-clients-100-veh-73-333,ipi-session-1,multiclient-scalability-run-4,veh-73,333,100-clients,default,stationary,unsynced,true,true,clients,100,count,IPI-CooperativeService,1102,1783019709007309619,1783019644261882550,1783019644261905393,1783019709077233922,69.924,,0.023,64815.329,"CooperativeService{guidedPlanning, status=request, vehicleId=0x7665682d3733, requestedHorizonMs=2500, confidence=100, planning.waypoints=1, offloadTaskId=udp-probe-333, offloadPayload=1024 bytes}"
5g-udp-sender,1783019709379181577,edge4av-real-20260702-multiclient-scalability-run-4,p5g-scale-udp-payload-1024-clients-100,scale,guided-planning,udp,veh-73,veh-73,rsu-1,p5g-scale-udp-payload-1024-clients-100-veh-73-334,ipi-session-1,multiclient-scalability-run-4,veh-73,334,100-clients,default,stationary,unsynced,true,true,clients,100,count,IPI-CooperativeService,1102,1783019709277447964,1783019644564129106,1783019644564177770,1783019709379181577,101.734,,0.049,64815.004,"CooperativeService{guidedPlanning, status=request, vehicleId=0x7665682d3733, requestedHorizonMs=2500, confidence=100, planning.waypoints=1, offloadTaskId=udp-probe-334, offloadPayload=1024 bytes}"
5g-udp-sender,1783019709667106890,edge4av-real-20260702-multiclient-scalability-run-4,p5g-scale-udp-payload-1024-clients-100,scale,guided-planning,udp,veh-73,veh-73,rsu-1,p5g-scale-udp-payload-1024-clients-100-veh-73-335,ipi-session-1,multiclient-scalability-run-4,veh-73,335,100-clients,default,stationary,unsynced,true,true,clients,100,count,IPI-CooperativeService,1102,1783019709579320714,1783019644852960724,1783019644852987409,1783019709667106890,87.786,,0.027,64814.119,"CooperativeService{guidedPlanning, status=request, vehicleId=0x7665682d3733, requestedHorizonMs=2500, confidence=100, planning.waypoints=1, offloadTaskId=udp-probe-335, offloadPayload=1024 bytes}"
5g-udp-sender,1783019710027174716,edge4av-real-20260702-multiclient-scalability-run-4,p5g-scale-udp-payload-1024-clients-100,scale,guided-planning,udp,veh-73,veh-73,rsu-1,p5g-scale-udp-payload-1024-clients-100-veh-73-336,ipi-session-1,multiclient-scalability-run-4,veh-73,336,100-clients,default,stationary,unsynced,true,true,clients,100,count,IPI-CooperativeService,1102,1783019709867307584,1783019645212950829,1783019645213001162,1783019710027174716,159.867,,0.050,64814.174,"CooperativeService{guidedPlanning, status=request, vehicleId=0x7665682d3733, requestedHorizonMs=2500, confidence=100, planning.waypoints=1, offloadTaskId=udp-probe-336, offloadPayload=1024 bytes}"
5g-udp-sender,1783019710319148330,edge4av-real-20260702-multiclient-scalability-run-4,p5g-scale-udp-payload-1024-clients-100,scale,guided-planning,udp,veh-73,veh-73,rsu-1,p5g-scale-udp-payload-1024-clients-100-veh-73-337,ipi-session-1,multiclient-scalability-run-4,veh-73,337,100-clients,default,stationary,unsynced,true,true,clients,100,count,IPI-CooperativeService,1102,1783019710227334667,1783019645503593539,1783019645503643700,1783019710319148330,91.814,,0.050,64815.505,"CooperativeService{guidedPlanning, status=request, vehicleId=0x7665682d3733, requestedHorizonMs=2500, confidence=100, planning.waypoints=1, offloadTaskId=udp-probe-337, offloadPayload=1024 bytes}"
5g-udp-sender,1783019710577213930,edge4av-real-20260702-multiclient-scalability-run-4,p5g-scale-udp-payload-1024-clients-100,scale,guided-planning,udp,veh-73,veh-73,rsu-1,p5g-scale-udp-payload-1024-clients-100-veh-73-338,ipi-session-1,multiclient-scalability-run-4,veh-73,338,100-clients,default,stationary,unsynced,true,true,clients,100,count,IPI-CooperativeService,1102,1783019710519322053,1783019645764836759,1783019645764861730,1783019710577213930,57.892,,0.025,64812.352,"CooperativeService{guidedPlanning, status=request, vehicleId=0x7665682d3733, requestedHorizonMs=2500, confidence=100, planning.waypoints=1, offloadTaskId=udp-probe-338, offloadPayload=1024 bytes}"
5g-udp-sender,1783019710829062684,edge4av-real-20260702-multiclient-scalability-run-4,p5g-scale-udp-payload-1024-clients-100,scale,guided-planning,udp,veh-73,veh-73,rsu-1,p5g-scale-udp-payload-1024-clients-100-veh-73-339,ipi-session-1,multiclient-scalability-run-4,veh-73,339,100-clients,default,stationary,unsynced,true,true,clients,100,count,IPI-CooperativeService,1102,1783019710777370380,1783019646015065486,1783019646015089167,1783019710829062684,51.692,,0.024,64813.974,"CooperativeService{guidedPlanning, status=request, vehicleId=0x7665682d3733, requestedHorizonMs=2500, confidence=100, planning.waypoints=1, offloadTaskId=udp-probe-339, offloadPayload=1024 bytes}"
5g-udp-sender,1783019711079204462,edge4av-real-20260702-multiclient-scalability-run-4,p5g-scale-udp-payload-1024-clients-100,scale,guided-planning,udp,veh-73,veh-73,rsu-1,p5g-scale-udp-payload-1024-clients-100-veh-73-340,ipi-session-1,multiclient-scalability-run-4,veh-73,340,100-clients,default,stationary,unsynced,true,true,clients,100,count,IPI-CooperativeService,1102,1783019711029214067,1783019646265459071,1783019646265484456,1783019711079204462,49.990,,0.025,64813.720,"CooperativeService{guidedPlanning, status=request, vehicleId=0x7665682d3733, requestedHorizonMs=2500, confidence=100, planning.waypoints=1, offloadTaskId=udp-probe-340, offloadPayload=1024 bytes}"
5g-udp-sender,1783019711327408253,edge4av-real-20260702-multiclient-scalability-run-4,p5g-scale-udp-payload-1024-clients-100,scale,guided-planning,udp,veh-73,veh-73,rsu-1,p5g-scale-udp-payload-1024-clients-100-veh-73-341,ipi-session-1,multiclient-scalability-run-4,veh-73,341,100-clients,default,stationary,unsynced,true,true,clients,100,count,IPI-CooperativeService,1102,1783019711279370099,1783019646515513314,1783019646515564258,1783019711327408253,48.038,,0.051,64811.844,"CooperativeService{guidedPlanning, status=request, vehicleId=0x7665682d3733, requestedHorizonMs=2500, confidence=100, planning.waypoints=1, offloadTaskId=udp-probe-341, offloadPayload=1024 bytes}"
5g-udp-sender,1783019711559178710,edge4av-real-20260702-multiclient-scalability-run-4,p5g-scale-udp-payload-1024-clients-100,scale,guided-planning,udp,veh-73,veh-73,rsu-1,p5g-scale-udp-payload-1024-clients-100-veh-73-342,ipi-session-1,multiclient-scalability-run-4,veh-73,342,100-clients,default,stationary,unsynced,true,true,clients,100,count,IPI-CooperativeService,1102,1783019711527588056,1783019646746371008,1783019646746396082,1783019711559178710,31.591,,0.025,64812.783,"CooperativeService{guidedPlanning, status=request, vehicleId=0x7665682d3733, requestedHorizonMs=2500, confidence=100, planning.waypoints=1, offloadTaskId=udp-probe-342, offloadPayload=1024 bytes}"
5g-udp-sender,1783019711851149243,edge4av-real-20260702-multiclient-scalability-run-4,p5g-scale-udp-payload-1024-clients-100,scale,guided-planning,udp,veh-73,veh-73,rsu-1,p5g-scale-udp-payload-1024-clients-100-veh-73-343,ipi-session-1,multiclient-scalability-run-4,veh-73,343,100-clients,default,stationary,unsynced,true,true,clients,100,count,IPI-CooperativeService,1102,1783019711759323553,1783019647036252400,1783019647036302185,1783019711851149243,91.826,,0.050,64814.847,"CooperativeService{guidedPlanning, status=request, vehicleId=0x7665682d3733, requestedHorizonMs=2500, confidence=100, planning.waypoints=1, offloadTaskId=udp-probe-343, offloadPayload=1024 bytes}"
5g-udp-sender,1783019712125097982,edge4av-real-20260702-multiclient-scalability-run-4,p5g-scale-udp-payload-1024-clients-100,scale,guided-planning,udp,veh-73,veh-73,rsu-1,p5g-scale-udp-payload-1024-clients-100-veh-73-344,ipi-session-1,multiclient-scalability-run-4,veh-73,344,100-clients,default,stationary,unsynced,true,true,clients,100,count,IPI-CooperativeService,1102,1783019712051306793,1783019647307282967,1783019647307304925,1783019712125097982,73.791,,0.022,64817.793,"CooperativeService{guidedPlanning, status=request, vehicleId=0x7665682d3733, requestedHorizonMs=2500, confidence=100, planning.waypoints=1, offloadTaskId=udp-probe-344, offloadPayload=1024 bytes}"
5g-udp-sender,1783019712359123304,edge4av-real-20260702-multiclient-scalability-run-4,p5g-scale-udp-payload-1024-clients-100,scale,guided-planning,udp,veh-73,veh-73,rsu-1,p5g-scale-udp-payload-1024-clients-100-veh-73-345,ipi-session-1,multiclient-scalability-run-4,veh-73,345,100-clients,default,stationary,unsynced,true,true,clients,100,count,IPI-CooperativeService,1102,1783019712325251091,1783019647547179521,1783019647547229910,1783019712359123304,33.872,,0.050,64811.893,"CooperativeService{guidedPlanning, status=request, vehicleId=0x7665682d3733, requestedHorizonMs=2500, confidence=100, planning.waypoints=1, offloadTaskId=udp-probe-345, offloadPayload=1024 bytes}"
5g-udp-sender,1783019712619251735,edge4av-real-20260702-multiclient-scalability-run-4,p5g-scale-udp-payload-1024-clients-100,scale,guided-planning,udp,veh-73,veh-73,rsu-1,p5g-scale-udp-payload-1024-clients-100-veh-73-346,ipi-session-1,multiclient-scalability-run-4,veh-73,346,100-clients,default,stationary,unsynced,true,true,clients,100,count,IPI-CooperativeService,1102,1783019712559273983,1783019647798097542,1783019647798121101,1783019712619251735,59.978,,0.024,64821.131,"CooperativeService{guidedPlanning, status=request, vehicleId=0x7665682d3733, requestedHorizonMs=2500, confidence=100, planning.waypoints=1, offloadTaskId=udp-probe-346, offloadPayload=1024 bytes}"
5g-udp-sender,1783019712913153136,edge4av-real-20260702-multiclient-scalability-run-4,p5g-scale-udp-payload-1024-clients-100,scale,guided-planning,udp,veh-73,veh-73,rsu-1,p5g-scale-udp-payload-1024-clients-100-veh-73-347,ipi-session-1,multiclient-scalability-run-4,veh-73,347,100-clients,default,stationary,unsynced,true,true,clients,100,count,IPI-CooperativeService,1102,1783019712819382385,1783019648098522075,1783019648098545156,1783019712913153136,93.771,,0.023,64814.608,"CooperativeService{guidedPlanning, status=request, vehicleId=0x7665682d3733, requestedHorizonMs=2500, confidence=100, planning.waypoints=1, offloadTaskId=udp-probe-347, offloadPayload=1024 bytes}"
5g-udp-sender,1783019713165215908,edge4av-real-20260702-multiclient-scalability-run-4,p5g-scale-udp-payload-1024-clients-100,scale,guided-planning,udp,veh-73,veh-73,rsu-1,p5g-scale-udp-payload-1024-clients-100-veh-73-348,ipi-session-1,multiclient-scalability-run-4,veh-73,348,100-clients,default,stationary,unsynced,true,true,clients,100,count,IPI-CooperativeService,1102,1783019713113362226,1783019648348953300,1783019648348976613,1783019713165215908,51.854,,0.023,64816.239,"CooperativeService{guidedPlanning, status=request, vehicleId=0x7665682d3733, requestedHorizonMs=2500, confidence=100, planning.waypoints=1, offloadTaskId=udp-probe-348, offloadPayload=1024 bytes}"
5g-udp-sender,1783019713417111188,edge4av-real-20260702-multiclient-scalability-run-4,p5g-scale-udp-payload-1024-clients-100,scale,guided-planning,udp,veh-73,veh-73,rsu-1,p5g-scale-udp-payload-1024-clients-100-veh-73-349,ipi-session-1,multiclient-scalability-run-4,veh-73,349,100-clients,default,stationary,unsynced,true,true,clients,100,count,IPI-CooperativeService,1102,1783019713365370484,1783019648599457701,1783019648599480594,1783019713417111188,51.741,,0.023,64817.631,"CooperativeService{guidedPlanning, status=request, vehicleId=0x7665682d3733, requestedHorizonMs=2500, confidence=100, planning.waypoints=1, offloadTaskId=udp-probe-349, offloadPayload=1024 bytes}"
5g-udp-sender,1783019713705226050,edge4av-real-20260702-multiclient-scalability-run-4,p5g-scale-udp-payload-1024-clients-100,scale,guided-planning,udp,veh-73,veh-73,rsu-1,p5g-scale-udp-payload-1024-clients-100-veh-73-350,ipi-session-1,multiclient-scalability-run-4,veh-73,350,100-clients,default,stationary,unsynced,true,true,clients,100,count,IPI-CooperativeService,1102,1783019713617266224,1783019648889865567,1783019648889893581,1783019713705226050,87.960,,0.028,64815.332,"CooperativeService{guidedPlanning, status=request, vehicleId=0x7665682d3733, requestedHorizonMs=2500, confidence=100, planning.waypoints=1, offloadTaskId=udp-probe-350, offloadPayload=1024 bytes}"
5g-udp-sender,1783019713997189435,edge4av-real-20260702-multiclient-scalability-run-4,p5g-scale-udp-payload-1024-clients-100,scale,guided-planning,udp,veh-73,veh-73,rsu-1,p5g-scale-udp-payload-1024-clients-100-veh-73-351,ipi-session-1,multiclient-scalability-run-4,veh-73,351,100-clients,default,stationary,unsynced,true,true,clients,100,count,IPI-CooperativeService,1102,1783019713905377476,1783019649180100687,1783019649180150430,1783019713997189435,91.812,,0.050,64817.039,"CooperativeService{guidedPlanning, status=request, vehicleId=0x7665682d3733, requestedHorizonMs=2500, confidence=100, planning.waypoints=1, offloadTaskId=udp-probe-351, offloadPayload=1024 bytes}"
5g-udp-sender,1783019714252410895,edge4av-real-20260702-multiclient-scalability-run-4,p5g-scale-udp-payload-1024-clients-100,scale,guided-planning,udp,veh-73,veh-73,rsu-1,p5g-scale-udp-payload-1024-clients-100-veh-73-352,ipi-session-1,multiclient-scalability-run-4,veh-73,352,100-clients,default,stationary,unsynced,true,true,clients,100,count,IPI-CooperativeService,1102,1783019714197337264,1783019649440763166,1783019649440813043,1783019714252410895,55.074,,0.050,64811.598,"CooperativeService{guidedPlanning, status=request, vehicleId=0x7665682d3733, requestedHorizonMs=2500, confidence=100, planning.waypoints=1, offloadTaskId=udp-probe-352, offloadPayload=1024 bytes}"
5g-udp-sender,1783019714499233912,edge4av-real-20260702-multiclient-scalability-run-4,p5g-scale-udp-payload-1024-clients-100,scale,guided-planning,udp,veh-73,veh-73,rsu-1,p5g-scale-udp-payload-1024-clients-100-veh-73-353,ipi-session-1,multiclient-scalability-run-4,veh-73,353,100-clients,default,stationary,unsynced,true,true,clients,100,count,IPI-CooperativeService,1102,1783019714452582604,1783019649681537813,1783019649681560977,1783019714499233912,46.651,,0.023,64817.673,"CooperativeService{guidedPlanning, status=request, vehicleId=0x7665682d3733, requestedHorizonMs=2500, confidence=100, planning.waypoints=1, offloadTaskId=udp-probe-353, offloadPayload=1024 bytes}"
5g-udp-sender,1783019714739220999,edge4av-real-20260702-multiclient-scalability-run-4,p5g-scale-udp-payload-1024-clients-100,scale,guided-planning,udp,veh-73,veh-73,rsu-1,p5g-scale-udp-payload-1024-clients-100-veh-73-354,ipi-session-1,multiclient-scalability-run-4,veh-73,354,100-clients,default,stationary,unsynced,true,true,clients,100,count,IPI-CooperativeService,1102,1783019714699450498,1783019649921459627,1783019649921470417,1783019714739220999,39.771,,0.011,64817.751,"CooperativeService{guidedPlanning, status=request, vehicleId=0x7665682d3733, requestedHorizonMs=2500, confidence=100, planning.waypoints=1, offloadTaskId=udp-probe-354, offloadPayload=1024 bytes}"
5g-udp-sender,1783019714979196983,edge4av-real-20260702-multiclient-scalability-run-4,p5g-scale-udp-payload-1024-clients-100,scale,guided-planning,udp,veh-73,veh-73,rsu-1,p5g-scale-udp-payload-1024-clients-100-veh-73-355,ipi-session-1,multiclient-scalability-run-4,veh-73,355,100-clients,default,stationary,unsynced,true,true,clients,100,count,IPI-CooperativeService,1102,1783019714939363444,1783019650162204654,1783019650162227313,1783019714979196983,39.834,,0.023,64816.970,"CooperativeService{guidedPlanning, status=request, vehicleId=0x7665682d3733, requestedHorizonMs=2500, confidence=100, planning.waypoints=1, offloadTaskId=udp-probe-355, offloadPayload=1024 bytes}"
5g-udp-sender,1783019715219188250,edge4av-real-20260702-multiclient-scalability-run-4,p5g-scale-udp-payload-1024-clients-100,scale,guided-planning,udp,veh-73,veh-73,rsu-1,p5g-scale-udp-payload-1024-clients-100-veh-73-356,ipi-session-1,multiclient-scalability-run-4,veh-73,356,100-clients,default,stationary,unsynced,true,true,clients,100,count,IPI-CooperativeService,1102,1783019715179374882,1783019650402735233,1783019650402757297,1783019715219188250,39.813,,0.022,64816.431,"CooperativeService{guidedPlanning, status=request, vehicleId=0x7665682d3733, requestedHorizonMs=2500, confidence=100, planning.waypoints=1, offloadTaskId=udp-probe-356, offloadPayload=1024 bytes}"
5g-udp-sender,1783019715489267211,edge4av-real-20260702-multiclient-scalability-run-4,p5g-scale-udp-payload-1024-clients-100,scale,guided-planning,udp,veh-73,veh-73,rsu-1,p5g-scale-udp-payload-1024-clients-100-veh-73-357,ipi-session-1,multiclient-scalability-run-4,veh-73,357,100-clients,default,stationary,unsynced,true,true,clients,100,count,IPI-CooperativeService,1102,1783019715419336105,1783019650672874187,1783019650672902427,1783019715489267211,69.931,,0.028,64816.365,"CooperativeService{guidedPlanning, status=request, vehicleId=0x7665682d3733, requestedHorizonMs=2500, confidence=100, planning.waypoints=1, offloadTaskId=udp-probe-357, offloadPayload=1024 bytes}"
5g-udp-sender,1783019715714380126,edge4av-real-20260702-multiclient-scalability-run-4,p5g-scale-udp-payload-1024-clients-100,scale,guided-planning,udp,veh-73,veh-73,rsu-1,p5g-scale-udp-payload-1024-clients-100-veh-73-358,ipi-session-1,multiclient-scalability-run-4,veh-73,358,100-clients,default,stationary,unsynced,true,true,clients,100,count,IPI-CooperativeService,1102,1783019715689430519,1783019650903202671,1783019650903248517,1783019715714380126,24.950,,0.046,64811.132,"CooperativeService{guidedPlanning, status=request, vehicleId=0x7665682d3733, requestedHorizonMs=2500, confidence=100, planning.waypoints=1, offloadTaskId=udp-probe-358, offloadPayload=1024 bytes}"
5g-udp-sender,1783019715947196384,edge4av-real-20260702-multiclient-scalability-run-4,p5g-scale-udp-payload-1024-clients-100,scale,guided-planning,udp,veh-73,veh-73,rsu-1,p5g-scale-udp-payload-1024-clients-100-veh-73-359,ipi-session-1,multiclient-scalability-run-4,veh-73,359,100-clients,default,stationary,unsynced,true,true,clients,100,count,IPI-CooperativeService,1102,1783019715914530064,1783019651133743580,1783019651133770200,1783019715947196384,32.666,,0.027,64813.426,"CooperativeService{guidedPlanning, status=request, vehicleId=0x7665682d3733, requestedHorizonMs=2500, confidence=100, planning.waypoints=1, offloadTaskId=udp-probe-359, offloadPayload=1024 bytes}"
5g-udp-sender,1783019716181235297,edge4av-real-20260702-multiclient-scalability-run-4,p5g-scale-udp-payload-1024-clients-100,scale,guided-planning,udp,veh-73,veh-73,rsu-1,p5g-scale-udp-payload-1024-clients-100-veh-73-360,ipi-session-1,multiclient-scalability-run-4,veh-73,360,100-clients,default,stationary,unsynced,true,true,clients,100,count,IPI-CooperativeService,1102,1783019716147387065,1783019651364372662,1783019651364431734,1783019716181235297,33.848,,0.059,64816.804,"CooperativeService{guidedPlanning, status=request, vehicleId=0x7665682d3733, requestedHorizonMs=2500, confidence=100, planning.waypoints=1, offloadTaskId=udp-probe-360, offloadPayload=1024 bytes}"
5g-udp-sender,1783019716423186139,edge4av-real-20260702-multiclient-scalability-run-4,p5g-scale-udp-payload-1024-clients-100,scale,guided-planning,udp,veh-73,veh-73,rsu-1,p5g-scale-udp-payload-1024-clients-100-veh-73-361,ipi-session-1,multiclient-scalability-run-4,veh-73,361,100-clients,default,stationary,unsynced,true,true,clients,100,count,IPI-CooperativeService,1102,1783019716381412779,1783019651604965130,1783019651604987577,1783019716423186139,41.773,,0.022,64818.199,"CooperativeService{guidedPlanning, status=request, vehicleId=0x7665682d3733, requestedHorizonMs=2500, confidence=100, planning.waypoints=1, offloadTaskId=udp-probe-361, offloadPayload=1024 bytes}"
5g-udp-sender,1783019716665223245,edge4av-real-20260702-multiclient-scalability-run-4,p5g-scale-udp-payload-1024-clients-100,scale,guided-planning,udp,veh-73,veh-73,rsu-1,p5g-scale-udp-payload-1024-clients-100-veh-73-362,ipi-session-1,multiclient-scalability-run-4,veh-73,362,100-clients,default,stationary,unsynced,true,true,clients,100,count,IPI-CooperativeService,1102,1783019716623357190,1783019651845262126,1783019651845284359,1783019716665223245,41.866,,0.022,64819.939,"CooperativeService{guidedPlanning, status=request, vehicleId=0x7665682d3733, requestedHorizonMs=2500, confidence=100, planning.waypoints=1, offloadTaskId=udp-probe-362, offloadPayload=1024 bytes}"
5g-udp-sender,1783019716913301421,edge4av-real-20260702-multiclient-scalability-run-4,p5g-scale-udp-payload-1024-clients-100,scale,guided-planning,udp,veh-73,veh-73,rsu-1,p5g-scale-udp-payload-1024-clients-100-veh-73-363,ipi-session-1,multiclient-scalability-run-4,veh-73,363,100-clients,default,stationary,unsynced,true,true,clients,100,count,IPI-CooperativeService,1102,1783019716865375656,1783019652095856836,1783019652095880997,1783019716913301421,47.926,,0.024,64817.420,"CooperativeService{guidedPlanning, status=request, vehicleId=0x7665682d3733, requestedHorizonMs=2500, confidence=100, planning.waypoints=1, offloadTaskId=udp-probe-363, offloadPayload=1024 bytes}"
5g-udp-sender,1783019717147465986,edge4av-real-20260702-multiclient-scalability-run-4,p5g-scale-udp-payload-1024-clients-100,scale,guided-planning,udp,veh-73,veh-73,rsu-1,p5g-scale-udp-payload-1024-clients-100-veh-73-364,ipi-session-1,multiclient-scalability-run-4,veh-73,364,100-clients,default,stationary,unsynced,true,true,clients,100,count,IPI-CooperativeService,1102,1783019717113471796,1783019652335633116,1783019652335683640,1783019717147465986,33.994,,0.051,64811.782,"CooperativeService{guidedPlanning, status=request, vehicleId=0x7665682d3733, requestedHorizonMs=2500, confidence=100, planning.waypoints=1, offloadTaskId=udp-probe-364, offloadPayload=1024 bytes}"
5g-udp-sender,1783019717389213675,edge4av-real-20260702-multiclient-scalability-run-4,p5g-scale-udp-payload-1024-clients-100,scale,guided-planning,udp,veh-73,veh-73,rsu-1,p5g-scale-udp-payload-1024-clients-100-veh-73-365,ipi-session-1,multiclient-scalability-run-4,veh-73,365,100-clients,default,stationary,unsynced,true,true,clients,100,count,IPI-CooperativeService,1102,1783019717347616967,1783019652575931078,1783019652575980646,1783019717389213675,41.597,,0.050,64813.233,"CooperativeService{guidedPlanning, status=request, vehicleId=0x7665682d3733, requestedHorizonMs=2500, confidence=100, planning.waypoints=1, offloadTaskId=udp-probe-365, offloadPayload=1024 bytes}"
5g-udp-sender,1783019717629213807,edge4av-real-20260702-multiclient-scalability-run-4,p5g-scale-udp-payload-1024-clients-100,scale,guided-planning,udp,veh-73,veh-73,rsu-1,p5g-scale-udp-payload-1024-clients-100-veh-73-366,ipi-session-1,multiclient-scalability-run-4,veh-73,366,100-clients,default,stationary,unsynced,true,true,clients,100,count,IPI-CooperativeService,1102,1783019717589475897,1783019652816817520,1783019652816846401,1783019717629213807,39.738,,0.029,64812.367,"CooperativeService{guidedPlanning, status=request, vehicleId=0x7665682d3733, requestedHorizonMs=2500, confidence=100, planning.waypoints=1, offloadTaskId=udp-probe-366, offloadPayload=1024 bytes}"
5g-udp-sender,1783019717873256689,edge4av-real-20260702-multiclient-scalability-run-4,p5g-scale-udp-payload-1024-clients-100,scale,guided-planning,udp,veh-73,veh-73,rsu-1,p5g-scale-udp-payload-1024-clients-100-veh-73-367,ipi-session-1,multiclient-scalability-run-4,veh-73,367,100-clients,default,stationary,unsynced,true,true,clients,100,count,IPI-CooperativeService,1102,1783019717829376242,1783019653057642763,1783019653057668215,1783019717873256689,43.880,,0.025,64815.588,"CooperativeService{guidedPlanning, status=request, vehicleId=0x7665682d3733, requestedHorizonMs=2500, confidence=100, planning.waypoints=1, offloadTaskId=udp-probe-367, offloadPayload=1024 bytes}"
5g-udp-sender,1783019718148902674,edge4av-real-20260702-multiclient-scalability-run-4,p5g-scale-udp-payload-1024-clients-100,scale,guided-planning,udp,veh-73,veh-73,rsu-1,p5g-scale-udp-payload-1024-clients-100-veh-73-368,ipi-session-1,multiclient-scalability-run-4,veh-73,368,100-clients,default,stationary,unsynced,true,true,clients,100,count,IPI-CooperativeService,1102,1783019718073464090,1783019653337384384,1783019653337434386,1783019718148902674,75.439,,0.050,64811.468,"CooperativeService{guidedPlanning, status=request, vehicleId=0x7665682d3733, requestedHorizonMs=2500, confidence=100, planning.waypoints=1, offloadTaskId=udp-probe-368, offloadPayload=1024 bytes}"
5g-udp-sender,1783019718415187358,edge4av-real-20260702-multiclient-scalability-run-4,p5g-scale-udp-payload-1024-clients-100,scale,guided-planning,udp,veh-73,veh-73,rsu-1,p5g-scale-udp-payload-1024-clients-100-veh-73-369,ipi-session-1,multiclient-scalability-run-4,veh-73,369,100-clients,default,stationary,unsynced,true,true,clients,100,count,IPI-CooperativeService,1102,1783019718349059217,1783019653598239335,1783019653598265987,1783019718415187358,66.128,,0.027,64816.921,"CooperativeService{guidedPlanning, status=request, vehicleId=0x7665682d3733, requestedHorizonMs=2500, confidence=100, planning.waypoints=1, offloadTaskId=udp-probe-369, offloadPayload=1024 bytes}"
5g-udp-sender,1783019718655319218,edge4av-real-20260702-multiclient-scalability-run-4,p5g-scale-udp-payload-1024-clients-100,scale,guided-planning,udp,veh-73,veh-73,rsu-1,p5g-scale-udp-payload-1024-clients-100-veh-73-370,ipi-session-1,multiclient-scalability-run-4,veh-73,370,100-clients,default,stationary,unsynced,true,true,clients,100,count,IPI-CooperativeService,1102,1783019718615355448,1783019653838666222,1783019653838689765,1783019718655319218,39.964,,0.024,64816.629,"CooperativeService{guidedPlanning, status=request, vehicleId=0x7665682d3733, requestedHorizonMs=2500, confidence=100, planning.waypoints=1, offloadTaskId=udp-probe-370, offloadPayload=1024 bytes}"
5g-udp-sender,1783019718901262133,edge4av-real-20260702-multiclient-scalability-run-4,p5g-scale-udp-payload-1024-clients-100,scale,guided-planning,udp,veh-73,veh-73,rsu-1,p5g-scale-udp-payload-1024-clients-100-veh-73-371,ipi-session-1,multiclient-scalability-run-4,veh-73,371,100-clients,default,stationary,unsynced,true,true,clients,100,count,IPI-CooperativeService,1102,1783019718855479685,1783019654088961591,1783019654088984838,1783019718901262133,45.782,,0.023,64812.277,"CooperativeService{guidedPlanning, status=request, vehicleId=0x7665682d3733, requestedHorizonMs=2500, confidence=100, planning.waypoints=1, offloadTaskId=udp-probe-371, offloadPayload=1024 bytes}"
5g-udp-sender,1783019719153144707,edge4av-real-20260702-multiclient-scalability-run-4,p5g-scale-udp-payload-1024-clients-100,scale,guided-planning,udp,veh-73,veh-73,rsu-1,p5g-scale-udp-payload-1024-clients-100-veh-73-372,ipi-session-1,multiclient-scalability-run-4,veh-73,372,100-clients,default,stationary,unsynced,true,true,clients,100,count,IPI-CooperativeService,1102,1783019719101471277,1783019654339200073,1783019654339250321,1783019719153144707,51.673,,0.050,64813.894,"CooperativeService{guidedPlanning, status=request, vehicleId=0x7665682d3733, requestedHorizonMs=2500, confidence=100, planning.waypoints=1, offloadTaskId=udp-probe-372, offloadPayload=1024 bytes}"
5g-udp-sender,1783019719389274933,edge4av-real-20260702-multiclient-scalability-run-4,p5g-scale-udp-payload-1024-clients-100,scale,guided-planning,udp,veh-73,veh-73,rsu-1,p5g-scale-udp-payload-1024-clients-100-veh-73-373,ipi-session-1,multiclient-scalability-run-4,veh-73,373,100-clients,default,stationary,unsynced,true,true,clients,100,count,IPI-CooperativeService,1102,1783019719353296524,1783019654571606578,1783019654571639337,1783019719389274933,35.978,,0.033,64817.636,"CooperativeService{guidedPlanning, status=request, vehicleId=0x7665682d3733, requestedHorizonMs=2500, confidence=100, planning.waypoints=1, offloadTaskId=udp-probe-373, offloadPayload=1024 bytes}"
5g-udp-sender,1783019719625232446,edge4av-real-20260702-multiclient-scalability-run-4,p5g-scale-udp-payload-1024-clients-100,scale,guided-planning,udp,veh-73,veh-73,rsu-1,p5g-scale-udp-payload-1024-clients-100-veh-73-374,ipi-session-1,multiclient-scalability-run-4,veh-73,374,100-clients,default,stationary,unsynced,true,true,clients,100,count,IPI-CooperativeService,1102,1783019719589436903,1783019654810300795,1783019654810329349,1783019719625232446,35.796,,0.029,64814.903,"CooperativeService{guidedPlanning, status=request, vehicleId=0x7665682d3733, requestedHorizonMs=2500, confidence=100, planning.waypoints=1, offloadTaskId=udp-probe-374, offloadPayload=1024 bytes}"
5g-udp-sender,1783019719867148487,edge4av-real-20260702-multiclient-scalability-run-4,p5g-scale-udp-payload-1024-clients-100,scale,guided-planning,udp,veh-73,veh-73,rsu-1,p5g-scale-udp-payload-1024-clients-100-veh-73-375,ipi-session-1,multiclient-scalability-run-4,veh-73,375,100-clients,default,stationary,unsynced,true,true,clients,100,count,IPI-CooperativeService,1102,1783019719825388823,1783019655050854707,1783019655050877227,1783019719867148487,41.760,,0.023,64816.271,"CooperativeService{guidedPlanning, status=request, vehicleId=0x7665682d3733, requestedHorizonMs=2500, confidence=100, planning.waypoints=1, offloadTaskId=udp-probe-375, offloadPayload=1024 bytes}"
5g-udp-sender,1783019720115362893,edge4av-real-20260702-multiclient-scalability-run-4,p5g-scale-udp-payload-1024-clients-100,scale,guided-planning,udp,veh-73,veh-73,rsu-1,p5g-scale-udp-payload-1024-clients-100-veh-73-376,ipi-session-1,multiclient-scalability-run-4,veh-73,376,100-clients,default,stationary,unsynced,true,true,clients,100,count,IPI-CooperativeService,1102,1783019720067296403,1783019655300749881,1783019655300802372,1783019720115362893,48.066,,0.052,64814.561,"CooperativeService{guidedPlanning, status=request, vehicleId=0x7665682d3733, requestedHorizonMs=2500, confidence=100, planning.waypoints=1, offloadTaskId=udp-probe-376, offloadPayload=1024 bytes}"
5g-udp-sender,1783019720362520180,edge4av-real-20260702-multiclient-scalability-run-4,p5g-scale-udp-payload-1024-clients-100,scale,guided-planning,udp,veh-73,veh-73,rsu-1,p5g-scale-udp-payload-1024-clients-100-veh-73-377,ipi-session-1,multiclient-scalability-run-4,veh-73,377,100-clients,default,stationary,unsynced,true,true,clients,100,count,IPI-CooperativeService,1102,1783019720315513206,1783019655551196065,1783019655551246525,1783019720362520180,47.007,,0.050,64811.274,"CooperativeService{guidedPlanning, status=request, vehicleId=0x7665682d3733, requestedHorizonMs=2500, confidence=100, planning.waypoints=1, offloadTaskId=udp-probe-377, offloadPayload=1024 bytes}"
5g-udp-sender,1783019720635234668,edge4av-real-20260702-multiclient-scalability-run-4,p5g-scale-udp-payload-1024-clients-100,scale,guided-planning,udp,veh-73,veh-73,rsu-1,p5g-scale-udp-payload-1024-clients-100-veh-73-378,ipi-session-1,multiclient-scalability-run-4,veh-73,378,100-clients,default,stationary,unsynced,true,true,clients,100,count,IPI-CooperativeService,1102,1783019720562713024,1783019655821686563,1783019655821736409,1783019720635234668,72.522,,0.050,64813.498,"CooperativeService{guidedPlanning, status=request, vehicleId=0x7665682d3733, requestedHorizonMs=2500, confidence=100, planning.waypoints=1, offloadTaskId=udp-probe-378, offloadPayload=1024 bytes}"
5g-udp-sender,1783019720873467600,edge4av-real-20260702-multiclient-scalability-run-4,p5g-scale-udp-payload-1024-clients-100,scale,guided-planning,udp,veh-73,veh-73,rsu-1,p5g-scale-udp-payload-1024-clients-100-veh-73-379,ipi-session-1,multiclient-scalability-run-4,veh-73,379,100-clients,default,stationary,unsynced,true,true,clients,100,count,IPI-CooperativeService,1102,1783019720835385254,1783019656061935635,1783019656061984720,1783019720873467600,38.082,,0.049,64811.483,"CooperativeService{guidedPlanning, status=request, vehicleId=0x7665682d3733, requestedHorizonMs=2500, confidence=100, planning.waypoints=1, offloadTaskId=udp-probe-379, offloadPayload=1024 bytes}"
5g-udp-sender,1783019721111364085,edge4av-real-20260702-multiclient-scalability-run-4,p5g-scale-udp-payload-1024-clients-100,scale,guided-planning,udp,veh-73,veh-73,rsu-1,p5g-scale-udp-payload-1024-clients-100-veh-73-380,ipi-session-1,multiclient-scalability-run-4,veh-73,380,100-clients,default,stationary,unsynced,true,true,clients,100,count,IPI-CooperativeService,1102,1783019721073617229,1783019656292802327,1783019656292827344,1783019721111364085,37.747,,0.025,64818.537,"CooperativeService{guidedPlanning, status=request, vehicleId=0x7665682d3733, requestedHorizonMs=2500, confidence=100, planning.waypoints=1, offloadTaskId=udp-probe-380, offloadPayload=1024 bytes}"
5g-udp-sender,1783019721356064005,edge4av-real-20260702-multiclient-scalability-run-4,p5g-scale-udp-payload-1024-clients-100,scale,guided-planning,udp,veh-73,veh-73,rsu-1,p5g-scale-udp-payload-1024-clients-100-veh-73-381,ipi-session-1,multiclient-scalability-run-4,veh-73,381,100-clients,default,stationary,unsynced,true,true,clients,100,count,IPI-CooperativeService,1102,1783019721311510734,1783019656543071804,1783019656543122162,1783019721356064005,44.553,,0.050,64812.942,"CooperativeService{guidedPlanning, status=request, vehicleId=0x7665682d3733, requestedHorizonMs=2500, confidence=100, planning.waypoints=1, offloadTaskId=udp-probe-381, offloadPayload=1024 bytes}"
5g-udp-sender,1783019721607263900,edge4av-real-20260702-multiclient-scalability-run-4,p5g-scale-udp-payload-1024-clients-100,scale,guided-planning,udp,veh-73,veh-73,rsu-1,p5g-scale-udp-payload-1024-clients-100-veh-73-382,ipi-session-1,multiclient-scalability-run-4,veh-73,382,100-clients,default,stationary,unsynced,true,true,clients,100,count,IPI-CooperativeService,1102,1783019721556212547,1783019656793229047,1783019656793279005,1783019721607263900,51.051,,0.050,64813.985,"CooperativeService{guidedPlanning, status=request, vehicleId=0x7665682d3733, requestedHorizonMs=2500, confidence=100, planning.waypoints=1, offloadTaskId=udp-probe-382, offloadPayload=1024 bytes}"
5g-udp-sender,1783019721847254464,edge4av-real-20260702-multiclient-scalability-run-4,p5g-scale-udp-payload-1024-clients-100,scale,guided-planning,udp,veh-73,veh-73,rsu-1,p5g-scale-udp-payload-1024-clients-100-veh-73-383,ipi-session-1,multiclient-scalability-run-4,veh-73,383,100-clients,default,stationary,unsynced,true,true,clients,100,count,IPI-CooperativeService,1102,1783019721807427566,1783019657034099868,1783019657034124113,1783019721847254464,39.827,,0.024,64813.130,"CooperativeService{guidedPlanning, status=request, vehicleId=0x7665682d3733, requestedHorizonMs=2500, confidence=100, planning.waypoints=1, offloadTaskId=udp-probe-383, offloadPayload=1024 bytes}"
5g-udp-sender,1783019722099389013,edge4av-real-20260702-multiclient-scalability-run-4,p5g-scale-udp-payload-1024-clients-100,scale,guided-planning,udp,veh-73,veh-73,rsu-1,p5g-scale-udp-payload-1024-clients-100-veh-73-384,ipi-session-1,multiclient-scalability-run-4,veh-73,384,100-clients,default,stationary,unsynced,true,true,clients,100,count,IPI-CooperativeService,1102,1783019722047469141,1783019657284621921,1783019657284645592,1783019722099389013,51.920,,0.024,64814.743,"CooperativeService{guidedPlanning, status=request, vehicleId=0x7665682d3733, requestedHorizonMs=2500, confidence=100, planning.waypoints=1, offloadTaskId=udp-probe-384, offloadPayload=1024 bytes}"
5g-udp-sender,1783019722353297104,edge4av-real-20260702-multiclient-scalability-run-4,p5g-scale-udp-payload-1024-clients-100,scale,guided-planning,udp,veh-73,veh-73,rsu-1,p5g-scale-udp-payload-1024-clients-100-veh-73-385,ipi-session-1,multiclient-scalability-run-4,veh-73,385,100-clients,default,stationary,unsynced,true,true,clients,100,count,IPI-CooperativeService,1102,1783019722299573769,1783019657534936305,1783019657534963507,1783019722353297104,53.723,,0.027,64818.334,"CooperativeService{guidedPlanning, status=request, vehicleId=0x7665682d3733, requestedHorizonMs=2500, confidence=100, planning.waypoints=1, offloadTaskId=udp-probe-385, offloadPayload=1024 bytes}"
5g-udp-sender,1783019722589267724,edge4av-real-20260702-multiclient-scalability-run-4,p5g-scale-udp-payload-1024-clients-100,scale,guided-planning,udp,veh-73,veh-73,rsu-1,p5g-scale-udp-payload-1024-clients-100-veh-73-386,ipi-session-1,multiclient-scalability-run-4,veh-73,386,100-clients,default,stationary,unsynced,true,true,clients,100,count,IPI-CooperativeService,1102,1783019722553506694,1783019657775635170,1783019657775658748,1783019722589267724,35.761,,0.024,64813.609,"CooperativeService{guidedPlanning, status=request, vehicleId=0x7665682d3733, requestedHorizonMs=2500, confidence=100, planning.waypoints=1, offloadTaskId=udp-probe-386, offloadPayload=1024 bytes}"
5g-udp-sender,1783019722851315625,edge4av-real-20260702-multiclient-scalability-run-4,p5g-scale-udp-payload-1024-clients-100,scale,guided-planning,udp,veh-73,veh-73,rsu-1,p5g-scale-udp-payload-1024-clients-100-veh-73-387,ipi-session-1,multiclient-scalability-run-4,veh-73,387,100-clients,default,stationary,unsynced,true,true,clients,100,count,IPI-CooperativeService,1102,1783019722789471337,1783019658035907671,1783019658035930219,1783019722851315625,61.844,,0.023,64815.385,"CooperativeService{guidedPlanning, status=request, vehicleId=0x7665682d3733, requestedHorizonMs=2500, confidence=100, planning.waypoints=1, offloadTaskId=udp-probe-387, offloadPayload=1024 bytes}"
5g-udp-sender,1783019723171288672,edge4av-real-20260702-multiclient-scalability-run-4,p5g-scale-udp-payload-1024-clients-100,scale,guided-planning,udp,veh-73,veh-73,rsu-1,p5g-scale-udp-payload-1024-clients-100-veh-73-388,ipi-session-1,multiclient-scalability-run-4,veh-73,388,100-clients,default,stationary,unsynced,true,true,clients,100,count,IPI-CooperativeService,1102,1783019723051489094,1783019658356403232,1783019658356428913,1783019723171288672,119.800,,0.026,64814.860,"CooperativeService{guidedPlanning, status=request, vehicleId=0x7665682d3733, requestedHorizonMs=2500, confidence=100, planning.waypoints=1, offloadTaskId=udp-probe-388, offloadPayload=1024 bytes}"
5g-udp-sender,1783019723463444761,edge4av-real-20260702-multiclient-scalability-run-4,p5g-scale-udp-payload-1024-clients-100,scale,guided-planning,udp,veh-73,veh-73,rsu-1,p5g-scale-udp-payload-1024-clients-100-veh-73-389,ipi-session-1,multiclient-scalability-run-4,veh-73,389,100-clients,default,stationary,unsynced,true,true,clients,100,count,IPI-CooperativeService,1102,1783019723371483605,1783019658647170335,1783019658647195617,1783019723463444761,91.961,,0.025,64816.249,"CooperativeService{guidedPlanning, status=request, vehicleId=0x7665682d3733, requestedHorizonMs=2500, confidence=100, planning.waypoints=1, offloadTaskId=udp-probe-389, offloadPayload=1024 bytes}"
5g-udp-sender,1783019723741273057,edge4av-real-20260702-multiclient-scalability-run-4,p5g-scale-udp-payload-1024-clients-100,scale,guided-planning,udp,veh-73,veh-73,rsu-1,p5g-scale-udp-payload-1024-clients-100-veh-73-390,ipi-session-1,multiclient-scalability-run-4,veh-73,390,100-clients,default,stationary,unsynced,true,true,clients,100,count,IPI-CooperativeService,1102,1783019723663632306,1783019658927565183,1783019658927586958,1783019723741273057,77.641,,0.022,64813.686,"CooperativeService{guidedPlanning, status=request, vehicleId=0x7665682d3733, requestedHorizonMs=2500, confidence=100, planning.waypoints=1, offloadTaskId=udp-probe-390, offloadPayload=1024 bytes}"
5g-udp-sender,1783019724087282672,edge4av-real-20260702-multiclient-scalability-run-4,p5g-scale-udp-payload-1024-clients-100,scale,guided-planning,udp,veh-73,veh-73,rsu-1,p5g-scale-udp-payload-1024-clients-100-veh-73-391,ipi-session-1,multiclient-scalability-run-4,veh-73,391,100-clients,default,stationary,unsynced,true,true,clients,100,count,IPI-CooperativeService,1102,1783019723941445809,1783019659267637799,1783019659267687742,1783019724087282672,145.837,,0.050,64819.595,"CooperativeService{guidedPlanning, status=request, vehicleId=0x7665682d3733, requestedHorizonMs=2500, confidence=100, planning.waypoints=1, offloadTaskId=udp-probe-391, offloadPayload=1024 bytes}"
5g-udp-sender,1783019724345356495,edge4av-real-20260702-multiclient-scalability-run-4,p5g-scale-udp-payload-1024-clients-100,scale,guided-planning,udp,veh-73,veh-73,rsu-1,p5g-scale-udp-payload-1024-clients-100-veh-73-392,ipi-session-1,multiclient-scalability-run-4,veh-73,392,100-clients,default,stationary,unsynced,true,true,clients,100,count,IPI-CooperativeService,1102,1783019724287452334,1783019659528742788,1783019659528770777,1783019724345356495,57.904,,0.028,64816.586,"CooperativeService{guidedPlanning, status=request, vehicleId=0x7665682d3733, requestedHorizonMs=2500, confidence=100, planning.waypoints=1, offloadTaskId=udp-probe-392, offloadPayload=1024 bytes}"
5g-udp-sender,1783019724615240830,edge4av-real-20260702-multiclient-scalability-run-4,p5g-scale-udp-payload-1024-clients-100,scale,guided-planning,udp,veh-73,veh-73,rsu-1,p5g-scale-udp-payload-1024-clients-100-veh-73-393,ipi-session-1,multiclient-scalability-run-4,veh-73,393,100-clients,default,stationary,unsynced,true,true,clients,100,count,IPI-CooperativeService,1102,1783019724545508267,1783019659799098884,1783019659799125505,1783019724615240830,69.733,,0.027,64816.115,"CooperativeService{guidedPlanning, status=request, vehicleId=0x7665682d3733, requestedHorizonMs=2500, confidence=100, planning.waypoints=1, offloadTaskId=udp-probe-393, offloadPayload=1024 bytes}"
5g-udp-sender,1783019724927158420,edge4av-real-20260702-multiclient-scalability-run-4,p5g-scale-udp-payload-1024-clients-100,scale,guided-planning,udp,veh-73,veh-73,rsu-1,p5g-scale-udp-payload-1024-clients-100-veh-73-394,ipi-session-1,multiclient-scalability-run-4,veh-73,394,100-clients,default,stationary,unsynced,true,true,clients,100,count,IPI-CooperativeService,1102,1783019724815392001,1783019660109392081,1783019660109421241,1783019724927158420,111.766,,0.029,64817.737,"CooperativeService{guidedPlanning, status=request, vehicleId=0x7665682d3733, requestedHorizonMs=2500, confidence=100, planning.waypoints=1, offloadTaskId=udp-probe-394, offloadPayload=1024 bytes}"
5g-udp-sender,1783019725225281297,edge4av-real-20260702-multiclient-scalability-run-4,p5g-scale-udp-payload-1024-clients-100,scale,guided-planning,udp,veh-73,veh-73,rsu-1,p5g-scale-udp-payload-1024-clients-100-veh-73-395,ipi-session-1,multiclient-scalability-run-4,veh-73,395,100-clients,default,stationary,unsynced,true,true,clients,100,count,IPI-CooperativeService,1102,1783019725127309224,1783019660410047648,1783019660410074352,1783019725225281297,97.972,,0.027,64815.207,"CooperativeService{guidedPlanning, status=request, vehicleId=0x7665682d3733, requestedHorizonMs=2500, confidence=100, planning.waypoints=1, offloadTaskId=udp-probe-395, offloadPayload=1024 bytes}"
5g-udp-sender,1783019725509181136,edge4av-real-20260702-multiclient-scalability-run-4,p5g-scale-udp-payload-1024-clients-100,scale,guided-planning,udp,veh-73,veh-73,rsu-1,p5g-scale-udp-payload-1024-clients-100-veh-73-396,ipi-session-1,multiclient-scalability-run-4,veh-73,396,100-clients,default,stationary,unsynced,true,true,clients,100,count,IPI-CooperativeService,1102,1783019725425499575,1783019660690131956,1783019660690181407,1783019725509181136,83.682,,0.049,64819.000,"CooperativeService{guidedPlanning, status=request, vehicleId=0x7665682d3733, requestedHorizonMs=2500, confidence=100, planning.waypoints=1, offloadTaskId=udp-probe-396, offloadPayload=1024 bytes}"
5g-udp-sender,1783019725739368706,edge4av-real-20260702-multiclient-scalability-run-4,p5g-scale-udp-payload-1024-clients-100,scale,guided-planning,udp,veh-73,veh-73,rsu-1,p5g-scale-udp-payload-1024-clients-100-veh-73-397,ipi-session-1,multiclient-scalability-run-4,veh-73,397,100-clients,default,stationary,unsynced,true,true,clients,100,count,IPI-CooperativeService,1102,1783019725709332513,1783019660921103420,1783019660921127163,1783019725739368706,30.036,,0.024,64818.242,"CooperativeService{guidedPlanning, status=request, vehicleId=0x7665682d3733, requestedHorizonMs=2500, confidence=100, planning.waypoints=1, offloadTaskId=udp-probe-397, offloadPayload=1024 bytes}"
5g-udp-sender,1783019725969211703,edge4av-real-20260702-multiclient-scalability-run-4,p5g-scale-udp-payload-1024-clients-100,scale,guided-planning,udp,veh-73,veh-73,rsu-1,p5g-scale-udp-payload-1024-clients-100-veh-73-398,ipi-session-1,multiclient-scalability-run-4,veh-73,398,100-clients,default,stationary,unsynced,true,true,clients,100,count,IPI-CooperativeService,1102,1783019725939512881,1783019661151555548,1783019661151577875,1783019725969211703,29.699,,0.022,64817.634,"CooperativeService{guidedPlanning, status=request, vehicleId=0x7665682d3733, requestedHorizonMs=2500, confidence=100, planning.waypoints=1, offloadTaskId=udp-probe-398, offloadPayload=1024 bytes}"
5g-udp-sender,1783019726205195147,edge4av-real-20260702-multiclient-scalability-run-4,p5g-scale-udp-payload-1024-clients-100,scale,guided-planning,udp,veh-73,veh-73,rsu-1,p5g-scale-udp-payload-1024-clients-100-veh-73-399,ipi-session-1,multiclient-scalability-run-4,veh-73,399,100-clients,default,stationary,unsynced,true,true,clients,100,count,IPI-CooperativeService,1102,1783019726169367624,1783019661391878580,1783019661391901513,1783019726205195147,35.828,,0.023,64813.294,"CooperativeService{guidedPlanning, status=request, vehicleId=0x7665682d3733, requestedHorizonMs=2500, confidence=100, planning.waypoints=1, offloadTaskId=udp-probe-399, offloadPayload=1024 bytes}"
5g-udp-sender,1783019726447243346,edge4av-real-20260702-multiclient-scalability-run-4,p5g-scale-udp-payload-1024-clients-100,scale,guided-planning,udp,veh-73,veh-73,rsu-1,p5g-scale-udp-payload-1024-clients-100-veh-73-400,ipi-session-1,multiclient-scalability-run-4,veh-73,400,100-clients,default,stationary,unsynced,true,true,clients,100,count,IPI-CooperativeService,1102,1783019726405380042,1783019661631820926,1783019661631871777,1783019726447243346,41.863,,0.051,64815.372,"CooperativeService{guidedPlanning, status=request, vehicleId=0x7665682d3733, requestedHorizonMs=2500, confidence=100, planning.waypoints=1, offloadTaskId=udp-probe-400, offloadPayload=1024 bytes}"
5g-udp-sender,1783019726689334475,edge4av-real-20260702-multiclient-scalability-run-4,p5g-scale-udp-payload-1024-clients-100,scale,guided-planning,udp,veh-73,veh-73,rsu-1,p5g-scale-udp-payload-1024-clients-100-veh-73-401,ipi-session-1,multiclient-scalability-run-4,veh-73,401,100-clients,default,stationary,unsynced,true,true,clients,100,count,IPI-CooperativeService,1102,1783019726647394186,1783019661872578139,1783019661872605009,1783019726689334475,41.940,,0.027,64816.729,"CooperativeService{guidedPlanning, status=request, vehicleId=0x7665682d3733, requestedHorizonMs=2500, confidence=100, planning.waypoints=1, offloadTaskId=udp-probe-401, offloadPayload=1024 bytes}"
5g-udp-sender,1783019726931246045,edge4av-real-20260702-multiclient-scalability-run-4,p5g-scale-udp-payload-1024-clients-100,scale,guided-planning,udp,veh-73,veh-73,rsu-1,p5g-scale-udp-payload-1024-clients-100-veh-73-402,ipi-session-1,multiclient-scalability-run-4,veh-73,402,100-clients,default,stationary,unsynced,true,true,clients,100,count,IPI-CooperativeService,1102,1783019726889538883,1783019662112955851,1783019662112980115,1783019726931246045,41.707,,0.024,64818.266,"CooperativeService{guidedPlanning, status=request, vehicleId=0x7665682d3733, requestedHorizonMs=2500, confidence=100, planning.waypoints=1, offloadTaskId=udp-probe-402, offloadPayload=1024 bytes}"
5g-udp-sender,1783019727157239352,edge4av-real-20260702-multiclient-scalability-run-4,p5g-scale-udp-payload-1024-clients-100,scale,guided-planning,udp,veh-73,veh-73,rsu-1,p5g-scale-udp-payload-1024-clients-100-veh-73-403,ipi-session-1,multiclient-scalability-run-4,veh-73,403,100-clients,default,stationary,unsynced,true,true,clients,100,count,IPI-CooperativeService,1102,1783019727131396832,1783019662343684798,1783019662343710302,1783019727157239352,25.843,,0.026,64813.529,"CooperativeService{guidedPlanning, status=request, vehicleId=0x7665682d3733, requestedHorizonMs=2500, confidence=100, planning.waypoints=1, offloadTaskId=udp-probe-403, offloadPayload=1024 bytes}"
5g-udp-sender,1783019727407199150,edge4av-real-20260702-multiclient-scalability-run-4,p5g-scale-udp-payload-1024-clients-100,scale,guided-planning,udp,veh-73,veh-73,rsu-1,p5g-scale-udp-payload-1024-clients-100-veh-73-404,ipi-session-1,multiclient-scalability-run-4,veh-73,404,100-clients,default,stationary,unsynced,true,true,clients,100,count,IPI-CooperativeService,1102,1783019727357389302,1783019662593483475,1783019662593533256,1783019727407199150,49.810,,0.050,64813.666,"CooperativeService{guidedPlanning, status=request, vehicleId=0x7665682d3733, requestedHorizonMs=2500, confidence=100, planning.waypoints=1, offloadTaskId=udp-probe-404, offloadPayload=1024 bytes}"
5g-udp-sender,1783019727657355748,edge4av-real-20260702-multiclient-scalability-run-4,p5g-scale-udp-payload-1024-clients-100,scale,guided-planning,udp,veh-73,veh-73,rsu-1,p5g-scale-udp-payload-1024-clients-100-veh-73-405,ipi-session-1,multiclient-scalability-run-4,veh-73,405,100-clients,default,stationary,unsynced,true,true,clients,100,count,IPI-CooperativeService,1102,1783019727607363147,1783019662844572271,1783019662844601378,1783019727657355748,49.993,,0.029,64812.754,"CooperativeService{guidedPlanning, status=request, vehicleId=0x7665682d3733, requestedHorizonMs=2500, confidence=100, planning.waypoints=1, offloadTaskId=udp-probe-405, offloadPayload=1024 bytes}"
5g-udp-sender,1783019727899414966,edge4av-real-20260702-multiclient-scalability-run-4,p5g-scale-udp-payload-1024-clients-100,scale,guided-planning,udp,veh-73,veh-73,rsu-1,p5g-scale-udp-payload-1024-clients-100-veh-73-406,ipi-session-1,multiclient-scalability-run-4,veh-73,406,100-clients,default,stationary,unsynced,true,true,clients,100,count,IPI-CooperativeService,1102,1783019727857512588,1783019663084732191,1783019663084760980,1783019727899414966,41.902,,0.029,64814.654,"CooperativeService{guidedPlanning, status=request, vehicleId=0x7665682d3733, requestedHorizonMs=2500, confidence=100, planning.waypoints=1, offloadTaskId=udp-probe-406, offloadPayload=1024 bytes}"
5g-udp-sender,1783019728141330799,edge4av-real-20260702-multiclient-scalability-run-4,p5g-scale-udp-payload-1024-clients-100,scale,guided-planning,udp,veh-73,veh-73,rsu-1,p5g-scale-udp-payload-1024-clients-100-veh-73-407,ipi-session-1,multiclient-scalability-run-4,veh-73,407,100-clients,default,stationary,unsynced,true,true,clients,100,count,IPI-CooperativeService,1102,1783019728099601767,1783019663324893105,1783019663324959527,1783019728141330799,41.729,,0.066,64816.371,"CooperativeService{guidedPlanning, status=request, vehicleId=0x7665682d3733, requestedHorizonMs=2500, confidence=100, planning.waypoints=1, offloadTaskId=udp-probe-407, offloadPayload=1024 bytes}"
5g-udp-sender,1783019728379217813,edge4av-real-20260702-multiclient-scalability-run-4,p5g-scale-udp-payload-1024-clients-100,scale,guided-planning,udp,veh-73,veh-73,rsu-1,p5g-scale-udp-payload-1024-clients-100-veh-73-408,ipi-session-1,multiclient-scalability-run-4,veh-73,408,100-clients,default,stationary,unsynced,true,true,clients,100,count,IPI-CooperativeService,1102,1783019728341598090,1783019663565419113,1783019663565469791,1783019728379217813,37.620,,0.051,64813.748,"CooperativeService{guidedPlanning, status=request, vehicleId=0x7665682d3733, requestedHorizonMs=2500, confidence=100, planning.waypoints=1, offloadTaskId=udp-probe-408, offloadPayload=1024 bytes}"
5g-udp-sender,1783019728619381053,edge4av-real-20260702-multiclient-scalability-run-4,p5g-scale-udp-payload-1024-clients-100,scale,guided-planning,udp,veh-73,veh-73,rsu-1,p5g-scale-udp-payload-1024-clients-100-veh-73-409,ipi-session-1,multiclient-scalability-run-4,veh-73,409,100-clients,default,stationary,unsynced,true,true,clients,100,count,IPI-CooperativeService,1102,1783019728579405137,1783019663806161109,1783019663806188449,1783019728619381053,39.976,,0.027,64813.193,"CooperativeService{guidedPlanning, status=request, vehicleId=0x7665682d3733, requestedHorizonMs=2500, confidence=100, planning.waypoints=1, offloadTaskId=udp-probe-409, offloadPayload=1024 bytes}"
5g-udp-sender,1783019728851315468,edge4av-real-20260702-multiclient-scalability-run-4,p5g-scale-udp-payload-1024-clients-100,scale,guided-planning,udp,veh-73,veh-73,rsu-1,p5g-scale-udp-payload-1024-clients-100-veh-73-410,ipi-session-1,multiclient-scalability-run-4,veh-73,410,100-clients,default,stationary,unsynced,true,true,clients,100,count,IPI-CooperativeService,1102,1783019728819569354,1783019664036789794,1783019664036813805,1783019728851315468,31.746,,0.024,64814.502,"CooperativeService{guidedPlanning, status=request, vehicleId=0x7665682d3733, requestedHorizonMs=2500, confidence=100, planning.waypoints=1, offloadTaskId=udp-probe-410, offloadPayload=1024 bytes}"
5g-udp-sender,1783019729095319737,edge4av-real-20260702-multiclient-scalability-run-4,p5g-scale-udp-payload-1024-clients-100,scale,guided-planning,udp,veh-73,veh-73,rsu-1,p5g-scale-udp-payload-1024-clients-100-veh-73-411,ipi-session-1,multiclient-scalability-run-4,veh-73,411,100-clients,default,stationary,unsynced,true,true,clients,100,count,IPI-CooperativeService,1102,1783019729051525582,1783019664277133194,1783019664277156743,1783019729095319737,43.794,,0.024,64818.163,"CooperativeService{guidedPlanning, status=request, vehicleId=0x7665682d3733, requestedHorizonMs=2500, confidence=100, planning.waypoints=1, offloadTaskId=udp-probe-411, offloadPayload=1024 bytes}"
5g-udp-sender,1783019729351239114,edge4av-real-20260702-multiclient-scalability-run-4,p5g-scale-udp-payload-1024-clients-100,scale,guided-planning,udp,veh-73,veh-73,rsu-1,p5g-scale-udp-payload-1024-clients-100-veh-73-412,ipi-session-1,multiclient-scalability-run-4,veh-73,412,100-clients,default,stationary,unsynced,true,true,clients,100,count,IPI-CooperativeService,1102,1783019729295501641,1783019664537063940,1783019664537113280,1783019729351239114,55.737,,0.049,64814.126,"CooperativeService{guidedPlanning, status=request, vehicleId=0x7665682d3733, requestedHorizonMs=2500, confidence=100, planning.waypoints=1, offloadTaskId=udp-probe-412, offloadPayload=1024 bytes}"
5g-udp-sender,1783019729593316939,edge4av-real-20260702-multiclient-scalability-run-4,p5g-scale-udp-payload-1024-clients-100,scale,guided-planning,udp,veh-73,veh-73,rsu-1,p5g-scale-udp-payload-1024-clients-100-veh-73-413,ipi-session-1,multiclient-scalability-run-4,veh-73,413,100-clients,default,stationary,unsynced,true,true,clients,100,count,IPI-CooperativeService,1102,1783019729551393044,1783019664778044853,1783019664778068208,1783019729593316939,41.924,,0.023,64815.249,"CooperativeService{guidedPlanning, status=request, vehicleId=0x7665682d3733, requestedHorizonMs=2500, confidence=100, planning.waypoints=1, offloadTaskId=udp-probe-413, offloadPayload=1024 bytes}"
5g-udp-sender,1783019729853260103,edge4av-real-20260702-multiclient-scalability-run-4,p5g-scale-udp-payload-1024-clients-100,scale,guided-planning,udp,veh-73,veh-73,rsu-1,p5g-scale-udp-payload-1024-clients-100-veh-73-414,ipi-session-1,multiclient-scalability-run-4,veh-73,414,100-clients,default,stationary,unsynced,true,true,clients,100,count,IPI-CooperativeService,1102,1783019729793502785,1783019665038186664,1783019665038217181,1783019729853260103,59.757,,0.031,64815.043,"CooperativeService{guidedPlanning, status=request, vehicleId=0x7665682d3733, requestedHorizonMs=2500, confidence=100, planning.waypoints=1, offloadTaskId=udp-probe-414, offloadPayload=1024 bytes}"
5g-udp-sender,1783019730087292705,edge4av-real-20260702-multiclient-scalability-run-4,p5g-scale-udp-payload-1024-clients-100,scale,guided-planning,udp,veh-73,veh-73,rsu-1,p5g-scale-udp-payload-1024-clients-100-veh-73-415,ipi-session-1,multiclient-scalability-run-4,veh-73,415,100-clients,default,stationary,unsynced,true,true,clients,100,count,IPI-CooperativeService,1102,1783019730053470224,1783019665269006431,1783019665269030850,1783019730087292705,33.822,,0.024,64818.262,"CooperativeService{guidedPlanning, status=request, vehicleId=0x7665682d3733, requestedHorizonMs=2500, confidence=100, planning.waypoints=1, offloadTaskId=udp-probe-415, offloadPayload=1024 bytes}"
5g-udp-sender,1783019730347431385,edge4av-real-20260702-multiclient-scalability-run-4,p5g-scale-udp-payload-1024-clients-100,scale,guided-planning,udp,veh-73,veh-73,rsu-1,p5g-scale-udp-payload-1024-clients-100-veh-73-416,ipi-session-1,multiclient-scalability-run-4,veh-73,416,100-clients,default,stationary,unsynced,true,true,clients,100,count,IPI-CooperativeService,1102,1783019730287459625,1783019665529133860,1783019665529161110,1783019730347431385,59.972,,0.027,64818.270,"CooperativeService{guidedPlanning, status=request, vehicleId=0x7665682d3733, requestedHorizonMs=2500, confidence=100, planning.waypoints=1, offloadTaskId=udp-probe-416, offloadPayload=1024 bytes}"
5g-udp-sender,1783019730647487744,edge4av-real-20260702-multiclient-scalability-run-4,p5g-scale-udp-payload-1024-clients-100,scale,guided-planning,udp,veh-73,veh-73,rsu-1,p5g-scale-udp-payload-1024-clients-100-veh-73-417,ipi-session-1,multiclient-scalability-run-4,veh-73,417,100-clients,default,stationary,unsynced,true,true,clients,100,count,IPI-CooperativeService,1102,1783019730547613355,1783019665830369607,1783019665830392766,1783019730647487744,99.874,,0.023,64817.095,"CooperativeService{guidedPlanning, status=request, vehicleId=0x7665682d3733, requestedHorizonMs=2500, confidence=100, planning.waypoints=1, offloadTaskId=udp-probe-417, offloadPayload=1024 bytes}"
5g-udp-sender,1783019730887251402,edge4av-real-20260702-multiclient-scalability-run-4,p5g-scale-udp-payload-1024-clients-100,scale,guided-planning,udp,veh-73,veh-73,rsu-1,p5g-scale-udp-payload-1024-clients-100-veh-73-418,ipi-session-1,multiclient-scalability-run-4,veh-73,418,100-clients,default,stationary,unsynced,true,true,clients,100,count,IPI-CooperativeService,1102,1783019730847634560,1783019666070120442,1783019666070148958,1783019730887251402,39.617,,0.029,64817.102,"CooperativeService{guidedPlanning, status=request, vehicleId=0x7665682d3733, requestedHorizonMs=2500, confidence=100, planning.waypoints=1, offloadTaskId=udp-probe-418, offloadPayload=1024 bytes}"
5g-udp-sender,1783019731129334585,edge4av-real-20260702-multiclient-scalability-run-4,p5g-scale-udp-payload-1024-clients-100,scale,guided-planning,udp,veh-73,veh-73,rsu-1,p5g-scale-udp-payload-1024-clients-100-veh-73-419,ipi-session-1,multiclient-scalability-run-4,veh-73,419,100-clients,default,stationary,unsynced,true,true,clients,100,count,IPI-CooperativeService,1102,1783019731087445392,1783019666310565444,1783019666310592165,1783019731129334585,41.889,,0.027,64818.742,"CooperativeService{guidedPlanning, status=request, vehicleId=0x7665682d3733, requestedHorizonMs=2500, confidence=100, planning.waypoints=1, offloadTaskId=udp-probe-419, offloadPayload=1024 bytes}"
5g-udp-sender,1783019731365359761,edge4av-real-20260702-multiclient-scalability-run-4,p5g-scale-udp-payload-1024-clients-100,scale,guided-planning,udp,veh-73,veh-73,rsu-1,p5g-scale-udp-payload-1024-clients-100-veh-73-420,ipi-session-1,multiclient-scalability-run-4,veh-73,420,100-clients,default,stationary,unsynced,true,true,clients,100,count,IPI-CooperativeService,1102,1783019731329538462,1783019666551330547,1783019666551356436,1783019731365359761,35.821,,0.026,64814.003,"CooperativeService{guidedPlanning, status=request, vehicleId=0x7665682d3733, requestedHorizonMs=2500, confidence=100, planning.waypoints=1, offloadTaskId=udp-probe-420, offloadPayload=1024 bytes}"
5g-udp-sender,1783019731605304824,edge4av-real-20260702-multiclient-scalability-run-4,p5g-scale-udp-payload-1024-clients-100,scale,guided-planning,udp,veh-73,veh-73,rsu-1,p5g-scale-udp-payload-1024-clients-100-veh-73-421,ipi-session-1,multiclient-scalability-run-4,veh-73,421,100-clients,default,stationary,unsynced,true,true,clients,100,count,IPI-CooperativeService,1102,1783019731565593021,1783019666791679356,1783019666791718444,1783019731605304824,39.712,,0.039,64813.586,"CooperativeService{guidedPlanning, status=request, vehicleId=0x7665682d3733, requestedHorizonMs=2500, confidence=100, planning.waypoints=1, offloadTaskId=udp-probe-421, offloadPayload=1024 bytes}"
5g-udp-sender,1783019731849299971,edge4av-real-20260702-multiclient-scalability-run-4,p5g-scale-udp-payload-1024-clients-100,scale,guided-planning,udp,veh-73,veh-73,rsu-1,p5g-scale-udp-payload-1024-clients-100-veh-73-422,ipi-session-1,multiclient-scalability-run-4,veh-73,422,100-clients,default,stationary,unsynced,true,true,clients,100,count,IPI-CooperativeService,1102,1783019731805520044,1783019667032358277,1783019667032384550,1783019731849299971,43.780,,0.026,64816.915,"CooperativeService{guidedPlanning, status=request, vehicleId=0x7665682d3733, requestedHorizonMs=2500, confidence=100, planning.waypoints=1, offloadTaskId=udp-probe-422, offloadPayload=1024 bytes}"
5g-udp-sender,1783019732079311814,edge4av-real-20260702-multiclient-scalability-run-4,p5g-scale-udp-payload-1024-clients-100,scale,guided-planning,udp,veh-73,veh-73,rsu-1,p5g-scale-udp-payload-1024-clients-100-veh-73-423,ipi-session-1,multiclient-scalability-run-4,veh-73,423,100-clients,default,stationary,unsynced,true,true,clients,100,count,IPI-CooperativeService,1102,1783019732049506038,1783019667262452193,1783019667262474397,1783019732079311814,29.806,,0.022,64816.837,"CooperativeService{guidedPlanning, status=request, vehicleId=0x7665682d3733, requestedHorizonMs=2500, confidence=100, planning.waypoints=1, offloadTaskId=udp-probe-423, offloadPayload=1024 bytes}"
5g-udp-sender,1783019732327385703,edge4av-real-20260702-multiclient-scalability-run-4,p5g-scale-udp-payload-1024-clients-100,scale,guided-planning,udp,veh-73,veh-73,rsu-1,p5g-scale-udp-payload-1024-clients-100-veh-73-424,ipi-session-1,multiclient-scalability-run-4,veh-73,424,100-clients,default,stationary,unsynced,true,true,clients,100,count,IPI-CooperativeService,1102,1783019732279520033,1783019667513087334,1783019667513108983,1783019732327385703,47.866,,0.022,64814.277,"CooperativeService{guidedPlanning, status=request, vehicleId=0x7665682d3733, requestedHorizonMs=2500, confidence=100, planning.waypoints=1, offloadTaskId=udp-probe-424, offloadPayload=1024 bytes}"
5g-udp-sender,1783019732567338233,edge4av-real-20260702-multiclient-scalability-run-4,p5g-scale-udp-payload-1024-clients-100,scale,guided-planning,udp,veh-73,veh-73,rsu-1,p5g-scale-udp-payload-1024-clients-100-veh-73-425,ipi-session-1,multiclient-scalability-run-4,veh-73,425,100-clients,default,stationary,unsynced,true,true,clients,100,count,IPI-CooperativeService,1102,1783019732527571179,1783019667753315323,1783019667753339691,1783019732567338233,39.767,,0.024,64813.999,"CooperativeService{guidedPlanning, status=request, vehicleId=0x7665682d3733, requestedHorizonMs=2500, confidence=100, planning.waypoints=1, offloadTaskId=udp-probe-425, offloadPayload=1024 bytes}"
5g-udp-sender,1783019732817314289,edge4av-real-20260702-multiclient-scalability-run-4,p5g-scale-udp-payload-1024-clients-100,scale,guided-planning,udp,veh-73,veh-73,rsu-1,p5g-scale-udp-payload-1024-clients-100-veh-73-426,ipi-session-1,multiclient-scalability-run-4,veh-73,426,100-clients,default,stationary,unsynced,true,true,clients,100,count,IPI-CooperativeService,1102,1783019732767545865,1783019668003747282,1783019668003770708,1783019732817314289,49.768,,0.023,64813.544,"CooperativeService{guidedPlanning, status=request, vehicleId=0x7665682d3733, requestedHorizonMs=2500, confidence=100, planning.waypoints=1, offloadTaskId=udp-probe-426, offloadPayload=1024 bytes}"
5g-udp-sender,1783019733087032807,edge4av-real-20260702-multiclient-scalability-run-4,p5g-scale-udp-payload-1024-clients-100,scale,guided-planning,udp,veh-73,veh-73,rsu-1,p5g-scale-udp-payload-1024-clients-100-veh-73-427,ipi-session-1,multiclient-scalability-run-4,veh-73,427,100-clients,default,stationary,unsynced,true,true,clients,100,count,IPI-CooperativeService,1102,1783019733017575326,1783019668273922014,1783019668273972740,1783019733087032807,69.457,,0.051,64813.060,"CooperativeService{guidedPlanning, status=request, vehicleId=0x7665682d3733, requestedHorizonMs=2500, confidence=100, planning.waypoints=1, offloadTaskId=udp-probe-427, offloadPayload=1024 bytes}"
5g-udp-sender,1783019733331218390,edge4av-real-20260702-multiclient-scalability-run-4,p5g-scale-udp-payload-1024-clients-100,scale,guided-planning,udp,veh-73,veh-73,rsu-1,p5g-scale-udp-payload-1024-clients-100-veh-73-428,ipi-session-1,multiclient-scalability-run-4,veh-73,428,100-clients,default,stationary,unsynced,true,true,clients,100,count,IPI-CooperativeService,1102,1783019733287182552,1783019668514617516,1783019668514644073,1783019733331218390,44.036,,0.027,64816.574,"CooperativeService{guidedPlanning, status=request, vehicleId=0x7665682d3733, requestedHorizonMs=2500, confidence=100, planning.waypoints=1, offloadTaskId=udp-probe-428, offloadPayload=1024 bytes}"
5g-udp-sender,1783019733583285779,edge4av-real-20260702-multiclient-scalability-run-4,p5g-scale-udp-payload-1024-clients-100,scale,guided-planning,udp,veh-73,veh-73,rsu-1,p5g-scale-udp-payload-1024-clients-100-veh-73-429,ipi-session-1,multiclient-scalability-run-4,veh-73,429,100-clients,default,stationary,unsynced,true,true,clients,100,count,IPI-CooperativeService,1102,1783019733531370528,1783019668765212260,1783019668765240167,1783019733583285779,51.915,,0.028,64818.046,"CooperativeService{guidedPlanning, status=request, vehicleId=0x7665682d3733, requestedHorizonMs=2500, confidence=100, planning.waypoints=1, offloadTaskId=udp-probe-429, offloadPayload=1024 bytes}"
5g-udp-sender,1783019733831334974,edge4av-real-20260702-multiclient-scalability-run-4,p5g-scale-udp-payload-1024-clients-100,scale,guided-planning,udp,veh-73,veh-73,rsu-1,p5g-scale-udp-payload-1024-clients-100-veh-73-430,ipi-session-1,multiclient-scalability-run-4,veh-73,430,100-clients,default,stationary,unsynced,true,true,clients,100,count,IPI-CooperativeService,1102,1783019733783450707,1783019669015963995,1783019669015985821,1783019733831334974,47.884,,0.022,64815.349,"CooperativeService{guidedPlanning, status=request, vehicleId=0x7665682d3733, requestedHorizonMs=2500, confidence=100, planning.waypoints=1, offloadTaskId=udp-probe-430, offloadPayload=1024 bytes}"
5g-udp-sender,1783019734119444019,edge4av-real-20260702-multiclient-scalability-run-4,p5g-scale-udp-payload-1024-clients-100,scale,guided-planning,udp,veh-73,veh-73,rsu-1,p5g-scale-udp-payload-1024-clients-100-veh-73-431,ipi-session-1,multiclient-scalability-run-4,veh-73,431,100-clients,default,stationary,unsynced,true,true,clients,100,count,IPI-CooperativeService,1102,1783019734031509519,1783019669296553479,1783019669296575197,1783019734119444019,87.934,,0.022,64822.869,"CooperativeService{guidedPlanning, status=request, vehicleId=0x7665682d3733, requestedHorizonMs=2500, confidence=100, planning.waypoints=1, offloadTaskId=udp-probe-431, offloadPayload=1024 bytes}"
5g-udp-sender,1783019734353314577,edge4av-real-20260702-multiclient-scalability-run-4,p5g-scale-udp-payload-1024-clients-100,scale,guided-planning,udp,veh-73,veh-73,rsu-1,p5g-scale-udp-payload-1024-clients-100-veh-73-432,ipi-session-1,multiclient-scalability-run-4,veh-73,432,100-clients,default,stationary,unsynced,true,true,clients,100,count,IPI-CooperativeService,1102,1783019734319594454,1783019669536554879,1783019669536580095,1783019734353314577,33.720,,0.025,64816.734,"CooperativeService{guidedPlanning, status=request, vehicleId=0x7665682d3733, requestedHorizonMs=2500, confidence=100, planning.waypoints=1, offloadTaskId=udp-probe-432, offloadPayload=1024 bytes}"
5g-udp-sender,1783019734589269167,edge4av-real-20260702-multiclient-scalability-run-4,p5g-scale-udp-payload-1024-clients-100,scale,guided-planning,udp,veh-73,veh-73,rsu-1,p5g-scale-udp-payload-1024-clients-100-veh-73-433,ipi-session-1,multiclient-scalability-run-4,veh-73,433,100-clients,default,stationary,unsynced,true,true,clients,100,count,IPI-CooperativeService,1102,1783019734553528372,1783019669776663847,1783019669776743751,1783019734589269167,35.741,,0.080,64812.525,"CooperativeService{guidedPlanning, status=request, vehicleId=0x7665682d3733, requestedHorizonMs=2500, confidence=100, planning.waypoints=1, offloadTaskId=udp-probe-433, offloadPayload=1024 bytes}"
5g-udp-sender,1783019734823316877,edge4av-real-20260702-multiclient-scalability-run-4,p5g-scale-udp-payload-1024-clients-100,scale,guided-planning,udp,veh-73,veh-73,rsu-1,p5g-scale-udp-payload-1024-clients-100-veh-73-434,ipi-session-1,multiclient-scalability-run-4,veh-73,434,100-clients,default,stationary,unsynced,true,true,clients,100,count,IPI-CooperativeService,1102,1783019734789440202,1783019670007489890,1783019670007512850,1783019734823316877,33.877,,0.023,64815.804,"CooperativeService{guidedPlanning, status=request, vehicleId=0x7665682d3733, requestedHorizonMs=2500, confidence=100, planning.waypoints=1, offloadTaskId=udp-probe-434, offloadPayload=1024 bytes}"
5g-udp-sender,1783019735077298907,edge4av-real-20260702-multiclient-scalability-run-4,p5g-scale-udp-payload-1024-clients-100,scale,guided-planning,udp,veh-73,veh-73,rsu-1,p5g-scale-udp-payload-1024-clients-100-veh-73-435,ipi-session-1,multiclient-scalability-run-4,veh-73,435,100-clients,default,stationary,unsynced,true,true,clients,100,count,IPI-CooperativeService,1102,1783019735023485502,1783019670258006995,1783019670258033293,1783019735077298907,53.813,,0.026,64819.266,"CooperativeService{guidedPlanning, status=request, vehicleId=0x7665682d3733, requestedHorizonMs=2500, confidence=100, planning.waypoints=1, offloadTaskId=udp-probe-435, offloadPayload=1024 bytes}"
5g-udp-sender,1783019735323272431,edge4av-real-20260702-multiclient-scalability-run-4,p5g-scale-udp-payload-1024-clients-100,scale,guided-planning,udp,veh-73,veh-73,rsu-1,p5g-scale-udp-payload-1024-clients-100-veh-73-436,ipi-session-1,multiclient-scalability-run-4,veh-73,436,100-clients,default,stationary,unsynced,true,true,clients,100,count,IPI-CooperativeService,1102,1783019735277474148,1783019670508372168,1783019670508395230,1783019735323272431,45.798,,0.023,64814.877,"CooperativeService{guidedPlanning, status=request, vehicleId=0x7665682d3733, requestedHorizonMs=2500, confidence=100, planning.waypoints=1, offloadTaskId=udp-probe-436, offloadPayload=1024 bytes}"
5g-udp-sender,1783019735587207314,edge4av-real-20260702-multiclient-scalability-run-4,p5g-scale-udp-payload-1024-clients-100,scale,guided-planning,udp,veh-73,veh-73,rsu-1,p5g-scale-udp-payload-1024-clients-100-veh-73-437,ipi-session-1,multiclient-scalability-run-4,veh-73,437,100-clients,default,stationary,unsynced,true,true,clients,100,count,IPI-CooperativeService,1102,1783019735523445326,1783019670769041630,1783019670769064768,1783019735587207314,63.762,,0.023,64818.143,"CooperativeService{guidedPlanning, status=request, vehicleId=0x7665682d3733, requestedHorizonMs=2500, confidence=100, planning.waypoints=1, offloadTaskId=udp-probe-437, offloadPayload=1024 bytes}"
5g-udp-sender,1783019735851861819,edge4av-real-20260702-multiclient-scalability-run-4,p5g-scale-udp-payload-1024-clients-100,scale,guided-planning,udp,veh-73,veh-73,rsu-1,p5g-scale-udp-payload-1024-clients-100-veh-73-438,ipi-session-1,multiclient-scalability-run-4,veh-73,438,100-clients,default,stationary,unsynced,true,true,clients,100,count,IPI-CooperativeService,1102,1783019735787367182,1783019671038959356,1783019671039009984,1783019735851861819,64.495,,0.051,64812.852,"CooperativeService{guidedPlanning, status=request, vehicleId=0x7665682d3733, requestedHorizonMs=2500, confidence=100, planning.waypoints=1, offloadTaskId=udp-probe-438, offloadPayload=1024 bytes}"
5g-udp-sender,1783019736097294520,edge4av-real-20260702-multiclient-scalability-run-4,p5g-scale-udp-payload-1024-clients-100,scale,guided-planning,udp,veh-73,veh-73,rsu-1,p5g-scale-udp-payload-1024-clients-100-veh-73-439,ipi-session-1,multiclient-scalability-run-4,veh-73,439,100-clients,default,stationary,unsynced,true,true,clients,100,count,IPI-CooperativeService,1102,1783019736052053976,1783019671279915148,1783019671279938622,1783019736097294520,45.241,,0.023,64817.356,"CooperativeService{guidedPlanning, status=request, vehicleId=0x7665682d3733, requestedHorizonMs=2500, confidence=100, planning.waypoints=1, offloadTaskId=udp-probe-439, offloadPayload=1024 bytes}"
5g-udp-sender,1783019736345334037,edge4av-real-20260702-multiclient-scalability-run-4,p5g-scale-udp-payload-1024-clients-100,scale,guided-planning,udp,veh-73,veh-73,rsu-1,p5g-scale-udp-payload-1024-clients-100-veh-73-440,ipi-session-1,multiclient-scalability-run-4,veh-73,440,100-clients,default,stationary,unsynced,true,true,clients,100,count,IPI-CooperativeService,1102,1783019736297465201,1783019671530218496,1783019671530247022,1783019736345334037,47.869,,0.029,64815.087,"CooperativeService{guidedPlanning, status=request, vehicleId=0x7665682d3733, requestedHorizonMs=2500, confidence=100, planning.waypoints=1, offloadTaskId=udp-probe-440, offloadPayload=1024 bytes}"
5g-udp-sender,1783019736587235780,edge4av-real-20260702-multiclient-scalability-run-4,p5g-scale-udp-payload-1024-clients-100,scale,guided-planning,udp,veh-73,veh-73,rsu-1,p5g-scale-udp-payload-1024-clients-100-veh-73-441,ipi-session-1,multiclient-scalability-run-4,veh-73,441,100-clients,default,stationary,unsynced,true,true,clients,100,count,IPI-CooperativeService,1102,1783019736545505111,1783019671771142055,1783019671771169647,1783019736587235780,41.731,,0.028,64816.066,"CooperativeService{guidedPlanning, status=request, vehicleId=0x7665682d3733, requestedHorizonMs=2500, confidence=100, planning.waypoints=1, offloadTaskId=udp-probe-441, offloadPayload=1024 bytes}"
5g-udp-sender,1783019736835281973,edge4av-real-20260702-multiclient-scalability-run-4,p5g-scale-udp-payload-1024-clients-100,scale,guided-planning,udp,veh-73,veh-73,rsu-1,p5g-scale-udp-payload-1024-clients-100-veh-73-442,ipi-session-1,multiclient-scalability-run-4,veh-73,442,100-clients,default,stationary,unsynced,true,true,clients,100,count,IPI-CooperativeService,1102,1783019736787385050,1783019672021077429,1783019672021101881,1783019736835281973,47.897,,0.024,64814.180,"CooperativeService{guidedPlanning, status=request, vehicleId=0x7665682d3733, requestedHorizonMs=2500, confidence=100, planning.waypoints=1, offloadTaskId=udp-probe-442, offloadPayload=1024 bytes}"
5g-udp-sender,1783019737097303101,edge4av-real-20260702-multiclient-scalability-run-4,p5g-scale-udp-payload-1024-clients-100,scale,guided-planning,udp,veh-73,veh-73,rsu-1,p5g-scale-udp-payload-1024-clients-100-veh-73-443,ipi-session-1,multiclient-scalability-run-4,veh-73,443,100-clients,default,stationary,unsynced,true,true,clients,100,count,IPI-CooperativeService,1102,1783019737035457967,1783019672281573867,1783019672281598013,1783019737097303101,61.845,,0.024,64815.705,"CooperativeService{guidedPlanning, status=request, vehicleId=0x7665682d3733, requestedHorizonMs=2500, confidence=100, planning.waypoints=1, offloadTaskId=udp-probe-443, offloadPayload=1024 bytes}"
5g-udp-sender,1783019737355333028,edge4av-real-20260702-multiclient-scalability-run-4,p5g-scale-udp-payload-1024-clients-100,scale,guided-planning,udp,veh-73,veh-73,rsu-1,p5g-scale-udp-payload-1024-clients-100-veh-73-444,ipi-session-1,multiclient-scalability-run-4,veh-73,444,100-clients,default,stationary,unsynced,true,true,clients,100,count,IPI-CooperativeService,1102,1783019737297475385,1783019672541915288,1783019672541942166,1783019737355333028,57.858,,0.027,64813.391,"CooperativeService{guidedPlanning, status=request, vehicleId=0x7665682d3733, requestedHorizonMs=2500, confidence=100, planning.waypoints=1, offloadTaskId=udp-probe-444, offloadPayload=1024 bytes}"
5g-udp-sender,1783019737585365012,edge4av-real-20260702-multiclient-scalability-run-4,p5g-scale-udp-payload-1024-clients-100,scale,guided-planning,udp,veh-73,veh-73,rsu-1,p5g-scale-udp-payload-1024-clients-100-veh-73-445,ipi-session-1,multiclient-scalability-run-4,veh-73,445,100-clients,default,stationary,unsynced,true,true,clients,100,count,IPI-CooperativeService,1102,1783019737555541929,1783019672772376388,1783019672772405699,1783019737585365012,29.823,,0.029,64812.959,"CooperativeService{guidedPlanning, status=request, vehicleId=0x7665682d3733, requestedHorizonMs=2500, confidence=100, planning.waypoints=1, offloadTaskId=udp-probe-445, offloadPayload=1024 bytes}"
5g-udp-sender,1783019737881362265,edge4av-real-20260702-multiclient-scalability-run-4,p5g-scale-udp-payload-1024-clients-100,scale,guided-planning,udp,veh-73,veh-73,rsu-1,p5g-scale-udp-payload-1024-clients-100-veh-73-446,ipi-session-1,multiclient-scalability-run-4,veh-73,446,100-clients,default,stationary,unsynced,true,true,clients,100,count,IPI-CooperativeService,1102,1783019737785517612,1783019673062805833,1783019673062833286,1783019737881362265,95.845,,0.027,64818.529,"CooperativeService{guidedPlanning, status=request, vehicleId=0x7665682d3733, requestedHorizonMs=2500, confidence=100, planning.waypoints=1, offloadTaskId=udp-probe-446, offloadPayload=1024 bytes}"
5g-udp-sender,1783019738189448952,edge4av-real-20260702-multiclient-scalability-run-4,p5g-scale-udp-payload-1024-clients-100,scale,guided-planning,udp,veh-73,veh-73,rsu-1,p5g-scale-udp-payload-1024-clients-100-veh-73-447,ipi-session-1,multiclient-scalability-run-4,veh-73,447,100-clients,default,stationary,unsynced,true,true,clients,100,count,IPI-CooperativeService,1102,1783019738081519959,1783019673373733913,1783019673373757446,1783019738189448952,107.929,,0.024,64815.692,"CooperativeService{guidedPlanning, status=request, vehicleId=0x7665682d3733, requestedHorizonMs=2500, confidence=100, planning.waypoints=1, offloadTaskId=udp-probe-447, offloadPayload=1024 bytes}"
5g-udp-sender,1783019738513248465,edge4av-real-20260702-multiclient-scalability-run-4,p5g-scale-udp-payload-1024-clients-100,scale,guided-planning,udp,veh-73,veh-73,rsu-1,p5g-scale-udp-payload-1024-clients-100-veh-73-448,ipi-session-1,multiclient-scalability-run-4,veh-73,448,100-clients,default,stationary,unsynced,true,true,clients,100,count,IPI-CooperativeService,1102,1783019738389630558,1783019673693845524,1783019673693871856,1783019738513248465,123.618,,0.026,64819.377,"CooperativeService{guidedPlanning, status=request, vehicleId=0x7665682d3733, requestedHorizonMs=2500, confidence=100, planning.waypoints=1, offloadTaskId=udp-probe-448, offloadPayload=1024 bytes}"
5g-udp-sender,1783019738823246187,edge4av-real-20260702-multiclient-scalability-run-4,p5g-scale-udp-payload-1024-clients-100,scale,guided-planning,udp,veh-73,veh-73,rsu-1,p5g-scale-udp-payload-1024-clients-100-veh-73-449,ipi-session-1,multiclient-scalability-run-4,veh-73,449,100-clients,default,stationary,unsynced,true,true,clients,100,count,IPI-CooperativeService,1102,1783019738713463376,1783019674004414155,1783019674004441396,1783019738823246187,109.783,,0.027,64818.805,"CooperativeService{guidedPlanning, status=request, vehicleId=0x7665682d3733, requestedHorizonMs=2500, confidence=100, planning.waypoints=1, offloadTaskId=udp-probe-449, offloadPayload=1024 bytes}"
5g-udp-sender,1783019739127309425,edge4av-real-20260702-multiclient-scalability-run-4,p5g-scale-udp-payload-1024-clients-100,scale,guided-planning,udp,veh-73,veh-73,rsu-1,p5g-scale-udp-payload-1024-clients-100-veh-73-450,ipi-session-1,multiclient-scalability-run-4,veh-73,450,100-clients,default,stationary,unsynced,true,true,clients,100,count,IPI-CooperativeService,1102,1783019739023364550,1783019674314850625,1783019674314901701,1783019739127309425,103.945,,0.051,64812.408,"CooperativeService{guidedPlanning, status=request, vehicleId=0x7665682d3733, requestedHorizonMs=2500, confidence=100, planning.waypoints=1, offloadTaskId=udp-probe-450, offloadPayload=1024 bytes}"
5g-udp-sender,1783019739421380943,edge4av-real-20260702-multiclient-scalability-run-4,p5g-scale-udp-payload-1024-clients-100,scale,guided-planning,udp,veh-73,veh-73,rsu-1,p5g-scale-udp-payload-1024-clients-100-veh-73-451,ipi-session-1,multiclient-scalability-run-4,veh-73,451,100-clients,default,stationary,unsynced,true,true,clients,100,count,IPI-CooperativeService,1102,1783019739327564626,1783019674605842489,1783019674605865581,1783019739421380943,93.816,,0.023,64815.515,"CooperativeService{guidedPlanning, status=request, vehicleId=0x7665682d3733, requestedHorizonMs=2500, confidence=100, planning.waypoints=1, offloadTaskId=udp-probe-451, offloadPayload=1024 bytes}"
5g-udp-sender,1783019739689395409,edge4av-real-20260702-multiclient-scalability-run-4,p5g-scale-udp-payload-1024-clients-100,scale,guided-planning,udp,veh-73,veh-73,rsu-1,p5g-scale-udp-payload-1024-clients-100-veh-73-452,ipi-session-1,multiclient-scalability-run-4,veh-73,452,100-clients,default,stationary,unsynced,true,true,clients,100,count,IPI-CooperativeService,1102,1783019739621550656,1783019674875956998,1783019674875983923,1783019739689395409,67.845,,0.027,64813.411,"CooperativeService{guidedPlanning, status=request, vehicleId=0x7665682d3733, requestedHorizonMs=2500, confidence=100, planning.waypoints=1, offloadTaskId=udp-probe-452, offloadPayload=1024 bytes}"
5g-udp-sender,1783019739965415254,edge4av-real-20260702-multiclient-scalability-run-4,p5g-scale-udp-payload-1024-clients-100,scale,guided-planning,udp,veh-73,veh-73,rsu-1,p5g-scale-udp-payload-1024-clients-100-veh-73-453,ipi-session-1,multiclient-scalability-run-4,veh-73,453,100-clients,default,stationary,unsynced,true,true,clients,100,count,IPI-CooperativeService,1102,1783019739889579149,1783019675146646427,1783019675146669552,1783019739965415254,75.836,,0.023,64818.746,"CooperativeService{guidedPlanning, status=request, vehicleId=0x7665682d3733, requestedHorizonMs=2500, confidence=100, planning.waypoints=1, offloadTaskId=udp-probe-453, offloadPayload=1024 bytes}"
5g-udp-sender,1783019740267363668,edge4av-real-20260702-multiclient-scalability-run-4,p5g-scale-udp-payload-1024-clients-100,scale,guided-planning,udp,veh-73,veh-73,rsu-1,p5g-scale-udp-payload-1024-clients-100-veh-73-454,ipi-session-1,multiclient-scalability-run-4,veh-73,454,100-clients,default,stationary,unsynced,true,true,clients,100,count,IPI-CooperativeService,1102,1783019740165559743,1783019675447249767,1783019675447272420,1783019740267363668,101.804,,0.023,64820.091,"CooperativeService{guidedPlanning, status=request, vehicleId=0x7665682d3733, requestedHorizonMs=2500, confidence=100, planning.waypoints=1, offloadTaskId=udp-probe-454, offloadPayload=1024 bytes}"
5g-udp-sender,1783019740579294830,edge4av-real-20260702-multiclient-scalability-run-4,p5g-scale-udp-payload-1024-clients-100,scale,guided-planning,udp,veh-73,veh-73,rsu-1,p5g-scale-udp-payload-1024-clients-100-veh-73-455,ipi-session-1,multiclient-scalability-run-4,veh-73,455,100-clients,default,stationary,unsynced,true,true,clients,100,count,IPI-CooperativeService,1102,1783019740467508501,1783019675767441282,1783019675767468453,1783019740579294830,111.786,,0.027,64811.826,"CooperativeService{guidedPlanning, status=request, vehicleId=0x7665682d3733, requestedHorizonMs=2500, confidence=100, planning.waypoints=1, offloadTaskId=udp-probe-455, offloadPayload=1024 bytes}"
5g-udp-sender,1783019740865318102,edge4av-real-20260702-multiclient-scalability-run-4,p5g-scale-udp-payload-1024-clients-100,scale,guided-planning,udp,veh-73,veh-73,rsu-1,p5g-scale-udp-payload-1024-clients-100-veh-73-456,ipi-session-1,multiclient-scalability-run-4,veh-73,456,100-clients,default,stationary,unsynced,true,true,clients,100,count,IPI-CooperativeService,1102,1783019740779466296,1783019676048031781,1783019676048058263,1783019740865318102,85.852,,0.026,64817.260,"CooperativeService{guidedPlanning, status=request, vehicleId=0x7665682d3733, requestedHorizonMs=2500, confidence=100, planning.waypoints=1, offloadTaskId=udp-probe-456, offloadPayload=1024 bytes}"
5g-udp-sender,1783019741105303824,edge4av-real-20260702-multiclient-scalability-run-4,p5g-scale-udp-payload-1024-clients-100,scale,guided-planning,udp,veh-73,veh-73,rsu-1,p5g-scale-udp-payload-1024-clients-100-veh-73-457,ipi-session-1,multiclient-scalability-run-4,veh-73,457,100-clients,default,stationary,unsynced,true,true,clients,100,count,IPI-CooperativeService,1102,1783019741065571085,1783019676288517423,1783019676288541220,1783019741105303824,39.733,,0.024,64816.763,"CooperativeService{guidedPlanning, status=request, vehicleId=0x7665682d3733, requestedHorizonMs=2500, confidence=100, planning.waypoints=1, offloadTaskId=udp-probe-457, offloadPayload=1024 bytes}"
5g-udp-sender,1783019741343365239,edge4av-real-20260702-multiclient-scalability-run-4,p5g-scale-udp-payload-1024-clients-100,scale,guided-planning,udp,veh-73,veh-73,rsu-1,p5g-scale-udp-payload-1024-clients-100-veh-73-458,ipi-session-1,multiclient-scalability-run-4,veh-73,458,100-clients,default,stationary,unsynced,true,true,clients,100,count,IPI-CooperativeService,1102,1783019741305511370,1783019676528648081,1783019676528726207,1783019741343365239,37.854,,0.078,64814.639,"CooperativeService{guidedPlanning, status=request, vehicleId=0x7665682d3733, requestedHorizonMs=2500, confidence=100, planning.waypoints=1, offloadTaskId=udp-probe-458, offloadPayload=1024 bytes}"
5g-udp-sender,1783019741607337296,edge4av-real-20260702-multiclient-scalability-run-4,p5g-scale-udp-payload-1024-clients-100,scale,guided-planning,udp,veh-73,veh-73,rsu-1,p5g-scale-udp-payload-1024-clients-100-veh-73-459,ipi-session-1,multiclient-scalability-run-4,veh-73,459,100-clients,default,stationary,unsynced,true,true,clients,100,count,IPI-CooperativeService,1102,1783019741543515901,1783019676789618094,1783019676789643883,1783019741607337296,63.821,,0.026,64817.693,"CooperativeService{guidedPlanning, status=request, vehicleId=0x7665682d3733, requestedHorizonMs=2500, confidence=100, planning.waypoints=1, offloadTaskId=udp-probe-459, offloadPayload=1024 bytes}"
5g-udp-sender,1783019741845394797,edge4av-real-20260702-multiclient-scalability-run-4,p5g-scale-udp-payload-1024-clients-100,scale,guided-planning,udp,veh-73,veh-73,rsu-1,p5g-scale-udp-payload-1024-clients-100-veh-73-460,ipi-session-1,multiclient-scalability-run-4,veh-73,460,100-clients,default,stationary,unsynced,true,true,clients,100,count,IPI-CooperativeService,1102,1783019741807522015,1783019677029790883,1783019677029840652,1783019741845394797,37.873,,0.050,64815.554,"CooperativeService{guidedPlanning, status=request, vehicleId=0x7665682d3733, requestedHorizonMs=2500, confidence=100, planning.waypoints=1, offloadTaskId=udp-probe-460, offloadPayload=1024 bytes}"
5g-udp-sender,1783019742083270863,edge4av-real-20260702-multiclient-scalability-run-4,p5g-scale-udp-payload-1024-clients-100,scale,guided-planning,udp,veh-73,veh-73,rsu-1,p5g-scale-udp-payload-1024-clients-100-veh-73-461,ipi-session-1,multiclient-scalability-run-4,veh-73,461,100-clients,default,stationary,unsynced,true,true,clients,100,count,IPI-CooperativeService,1102,1783019742045543699,1783019677270153604,1783019677270202711,1783019742083270863,37.727,,0.049,64813.068,"CooperativeService{guidedPlanning, status=request, vehicleId=0x7665682d3733, requestedHorizonMs=2500, confidence=100, planning.waypoints=1, offloadTaskId=udp-probe-461, offloadPayload=1024 bytes}"
5g-udp-sender,1783019742329396249,edge4av-real-20260702-multiclient-scalability-run-4,p5g-scale-udp-payload-1024-clients-100,scale,guided-planning,udp,veh-73,veh-73,rsu-1,p5g-scale-udp-payload-1024-clients-100-veh-73-462,ipi-session-1,multiclient-scalability-run-4,veh-73,462,100-clients,default,stationary,unsynced,true,true,clients,100,count,IPI-CooperativeService,1102,1783019742283440534,1783019677510880405,1783019677510907547,1783019742329396249,45.956,,0.027,64818.489,"CooperativeService{guidedPlanning, status=request, vehicleId=0x7665682d3733, requestedHorizonMs=2500, confidence=100, planning.waypoints=1, offloadTaskId=udp-probe-462, offloadPayload=1024 bytes}"
5g-udp-sender,1783019742599314428,edge4av-real-20260702-multiclient-scalability-run-4,p5g-scale-udp-payload-1024-clients-100,scale,guided-planning,udp,veh-73,veh-73,rsu-1,p5g-scale-udp-payload-1024-clients-100-veh-73-463,ipi-session-1,multiclient-scalability-run-4,veh-73,463,100-clients,default,stationary,unsynced,true,true,clients,100,count,IPI-CooperativeService,1102,1783019742529587414,1783019677781458774,1783019677781481331,1783019742599314428,69.727,,0.023,64817.833,"CooperativeService{guidedPlanning, status=request, vehicleId=0x7665682d3733, requestedHorizonMs=2500, confidence=100, planning.waypoints=1, offloadTaskId=udp-probe-463, offloadPayload=1024 bytes}"
5g-udp-sender,1783019742839294177,edge4av-real-20260702-multiclient-scalability-run-4,p5g-scale-udp-payload-1024-clients-100,scale,guided-planning,udp,veh-73,veh-73,rsu-1,p5g-scale-udp-payload-1024-clients-100-veh-73-464,ipi-session-1,multiclient-scalability-run-4,veh-73,464,100-clients,default,stationary,unsynced,true,true,clients,100,count,IPI-CooperativeService,1102,1783019742799486487,1783019678021627261,1783019678021645722,1783019742839294177,39.808,,0.018,64817.648,"CooperativeService{guidedPlanning, status=request, vehicleId=0x7665682d3733, requestedHorizonMs=2500, confidence=100, planning.waypoints=1, offloadTaskId=udp-probe-464, offloadPayload=1024 bytes}"
5g-udp-sender,1783019743081377665,edge4av-real-20260702-multiclient-scalability-run-4,p5g-scale-udp-payload-1024-clients-100,scale,guided-planning,udp,veh-73,veh-73,rsu-1,p5g-scale-udp-payload-1024-clients-100-veh-73-465,ipi-session-1,multiclient-scalability-run-4,veh-73,465,100-clients,default,stationary,unsynced,true,true,clients,100,count,IPI-CooperativeService,1102,1783019743039480462,1783019678261977750,1783019678262027480,1783019743081377665,41.897,,0.050,64819.350,"CooperativeService{guidedPlanning, status=request, vehicleId=0x7665682d3733, requestedHorizonMs=2500, confidence=100, planning.waypoints=1, offloadTaskId=udp-probe-465, offloadPayload=1024 bytes}"
5g-udp-sender,1783019743325401134,edge4av-real-20260702-multiclient-scalability-run-4,p5g-scale-udp-payload-1024-clients-100,scale,guided-planning,udp,veh-73,veh-73,rsu-1,p5g-scale-udp-payload-1024-clients-100-veh-73-466,ipi-session-1,multiclient-scalability-run-4,veh-73,466,100-clients,default,stationary,unsynced,true,true,clients,100,count,IPI-CooperativeService,1102,1783019743281547593,1783019678503145796,1783019678503169125,1783019743325401134,43.854,,0.023,64822.232,"CooperativeService{guidedPlanning, status=request, vehicleId=0x7665682d3733, requestedHorizonMs=2500, confidence=100, planning.waypoints=1, offloadTaskId=udp-probe-466, offloadPayload=1024 bytes}"
5g-udp-sender,1783019743561365455,edge4av-real-20260702-multiclient-scalability-run-4,p5g-scale-udp-payload-1024-clients-100,scale,guided-planning,udp,veh-73,veh-73,rsu-1,p5g-scale-udp-payload-1024-clients-100-veh-73-467,ipi-session-1,multiclient-scalability-run-4,veh-73,467,100-clients,default,stationary,unsynced,true,true,clients,100,count,IPI-CooperativeService,1102,1783019743525588803,1783019678743250119,1783019678743273153,1783019743561365455,35.777,,0.023,64818.092,"CooperativeService{guidedPlanning, status=request, vehicleId=0x7665682d3733, requestedHorizonMs=2500, confidence=100, planning.waypoints=1, offloadTaskId=udp-probe-467, offloadPayload=1024 bytes}"
5g-udp-sender,1783019743837399161,edge4av-real-20260702-multiclient-scalability-run-4,p5g-scale-udp-payload-1024-clients-100,scale,guided-planning,udp,veh-73,veh-73,rsu-1,p5g-scale-udp-payload-1024-clients-100-veh-73-468,ipi-session-1,multiclient-scalability-run-4,veh-73,468,100-clients,default,stationary,unsynced,true,true,clients,100,count,IPI-CooperativeService,1102,1783019743761552883,1783019679023797863,1783019679023824520,1783019743837399161,75.846,,0.027,64813.575,"CooperativeService{guidedPlanning, status=request, vehicleId=0x7665682d3733, requestedHorizonMs=2500, confidence=100, planning.waypoints=1, offloadTaskId=udp-probe-468, offloadPayload=1024 bytes}"
5g-udp-sender,1783019744109255888,edge4av-real-20260702-multiclient-scalability-run-4,p5g-scale-udp-payload-1024-clients-100,scale,guided-planning,udp,veh-73,veh-73,rsu-1,p5g-scale-udp-payload-1024-clients-100-veh-73-469,ipi-session-1,multiclient-scalability-run-4,veh-73,469,100-clients,default,stationary,unsynced,true,true,clients,100,count,IPI-CooperativeService,1102,1783019744037637477,1783019679294412652,1783019679294434836,1783019744109255888,71.618,,0.022,64814.821,"CooperativeService{guidedPlanning, status=request, vehicleId=0x7665682d3733, requestedHorizonMs=2500, confidence=100, planning.waypoints=1, offloadTaskId=udp-probe-469, offloadPayload=1024 bytes}"
5g-udp-sender,1783019744348361682,edge4av-real-20260702-multiclient-scalability-run-4,p5g-scale-udp-payload-1024-clients-100,scale,guided-planning,udp,veh-73,veh-73,rsu-1,p5g-scale-udp-payload-1024-clients-100-veh-73-470,ipi-session-1,multiclient-scalability-run-4,veh-73,470,100-clients,default,stationary,unsynced,true,true,clients,100,count,IPI-CooperativeService,1102,1783019744309467120,1783019679534657946,1783019679534684890,1783019744348361682,38.895,,0.027,64813.677,"CooperativeService{guidedPlanning, status=request, vehicleId=0x7665682d3733, requestedHorizonMs=2500, confidence=100, planning.waypoints=1, offloadTaskId=udp-probe-470, offloadPayload=1024 bytes}"
5g-udp-sender,1783019744588561736,edge4av-real-20260702-multiclient-scalability-run-4,p5g-scale-udp-payload-1024-clients-100,scale,guided-planning,udp,veh-73,veh-73,rsu-1,p5g-scale-udp-payload-1024-clients-100-veh-73-471,ipi-session-1,multiclient-scalability-run-4,veh-73,471,100-clients,default,stationary,unsynced,true,true,clients,100,count,IPI-CooperativeService,1102,1783019744548548784,1783019679775371647,1783019679775397466,1783019744588561736,40.013,,0.026,64813.164,"CooperativeService{guidedPlanning, status=request, vehicleId=0x7665682d3733, requestedHorizonMs=2500, confidence=100, planning.waypoints=1, offloadTaskId=udp-probe-471, offloadPayload=1024 bytes}"
5g-udp-sender,1783019744838521937,edge4av-real-20260702-multiclient-scalability-run-4,p5g-scale-udp-payload-1024-clients-100,scale,guided-planning,udp,veh-73,veh-73,rsu-1,p5g-scale-udp-payload-1024-clients-100-veh-73-472,ipi-session-1,multiclient-scalability-run-4,veh-73,472,100-clients,default,stationary,unsynced,true,true,clients,100,count,IPI-CooperativeService,1102,1783019744788732964,1783019680026149823,1783019680026175620,1783019744838521937,49.789,,0.026,64812.346,"CooperativeService{guidedPlanning, status=request, vehicleId=0x7665682d3733, requestedHorizonMs=2500, confidence=100, planning.waypoints=1, offloadTaskId=udp-probe-472, offloadPayload=1024 bytes}"
5g-udp-sender,1783019745078480594,edge4av-real-20260702-multiclient-scalability-run-4,p5g-scale-udp-payload-1024-clients-100,scale,guided-planning,udp,veh-73,veh-73,rsu-1,p5g-scale-udp-payload-1024-clients-100-veh-73-473,ipi-session-1,multiclient-scalability-run-4,veh-73,473,100-clients,default,stationary,unsynced,true,true,clients,100,count,IPI-CooperativeService,1102,1783019745038706261,1783019680266218350,1783019680266244834,1783019745078480594,39.774,,0.026,64812.236,"CooperativeService{guidedPlanning, status=request, vehicleId=0x7665682d3733, requestedHorizonMs=2500, confidence=100, planning.waypoints=1, offloadTaskId=udp-probe-473, offloadPayload=1024 bytes}"
5g-udp-sender,1783019745338398291,edge4av-real-20260702-multiclient-scalability-run-4,p5g-scale-udp-payload-1024-clients-100,scale,guided-planning,udp,veh-73,veh-73,rsu-1,p5g-scale-udp-payload-1024-clients-100-veh-73-474,ipi-session-1,multiclient-scalability-run-4,veh-73,474,100-clients,default,stationary,unsynced,true,true,clients,100,count,IPI-CooperativeService,1102,1783019745278669838,1783019680526439681,1783019680526468733,1783019745338398291,59.728,,0.029,64811.930,"CooperativeService{guidedPlanning, status=request, vehicleId=0x7665682d3733, requestedHorizonMs=2500, confidence=100, planning.waypoints=1, offloadTaskId=udp-probe-474, offloadPayload=1024 bytes}"
5g-udp-sender,1783019745591526554,edge4av-real-20260702-multiclient-scalability-run-4,p5g-scale-udp-payload-1024-clients-100,scale,guided-planning,udp,veh-73,veh-73,rsu-1,p5g-scale-udp-payload-1024-clients-100-veh-73-475,ipi-session-1,multiclient-scalability-run-4,veh-73,475,100-clients,default,stationary,unsynced,true,true,clients,100,count,IPI-CooperativeService,1102,1783019745538584619,1783019680777440634,1783019680777471136,1783019745591526554,52.942,,0.031,64814.055,"CooperativeService{guidedPlanning, status=request, vehicleId=0x7665682d3733, requestedHorizonMs=2500, confidence=100, planning.waypoints=1, offloadTaskId=udp-probe-475, offloadPayload=1024 bytes}"
5g-udp-sender,1783019745850946346,edge4av-real-20260702-multiclient-scalability-run-4,p5g-scale-udp-payload-1024-clients-100,scale,guided-planning,udp,veh-73,veh-73,rsu-1,p5g-scale-udp-payload-1024-clients-100-veh-73-476,ipi-session-1,multiclient-scalability-run-4,veh-73,476,100-clients,default,stationary,unsynced,true,true,clients,100,count,IPI-CooperativeService,1102,1783019745791708288,1783019681037646940,1783019681037669411,1783019745850946346,59.238,,0.022,64813.277,"CooperativeService{guidedPlanning, status=request, vehicleId=0x7665682d3733, requestedHorizonMs=2500, confidence=100, planning.waypoints=1, offloadTaskId=udp-probe-476, offloadPayload=1024 bytes}"
5g-udp-sender,1783019746101444599,edge4av-real-20260702-multiclient-scalability-run-4,p5g-scale-udp-payload-1024-clients-100,scale,guided-planning,udp,veh-73,veh-73,rsu-1,p5g-scale-udp-payload-1024-clients-100-veh-73-477,ipi-session-1,multiclient-scalability-run-4,veh-73,477,100-clients,default,stationary,unsynced,true,true,clients,100,count,IPI-CooperativeService,1102,1783019746051136217,1783019681288023551,1783019681288049240,1783019746101444599,50.308,,0.026,64813.395,"CooperativeService{guidedPlanning, status=request, vehicleId=0x7665682d3733, requestedHorizonMs=2500, confidence=100, planning.waypoints=1, offloadTaskId=udp-probe-477, offloadPayload=1024 bytes}"
5g-udp-sender,1783019746363300074,edge4av-real-20260702-multiclient-scalability-run-4,p5g-scale-udp-payload-1024-clients-100,scale,guided-planning,udp,veh-73,veh-73,rsu-1,p5g-scale-udp-payload-1024-clients-100-veh-73-478,ipi-session-1,multiclient-scalability-run-4,veh-73,478,100-clients,default,stationary,unsynced,true,true,clients,100,count,IPI-CooperativeService,1102,1783019746301630170,1783019681548213482,1783019681548263236,1783019746363300074,61.670,,0.050,64815.037,"CooperativeService{guidedPlanning, status=request, vehicleId=0x7665682d3733, requestedHorizonMs=2500, confidence=100, planning.waypoints=1, offloadTaskId=udp-probe-478, offloadPayload=1024 bytes}"
5g-udp-sender,1783019746637413621,edge4av-real-20260702-multiclient-scalability-run-4,p5g-scale-udp-payload-1024-clients-100,scale,guided-planning,udp,veh-73,veh-73,rsu-1,p5g-scale-udp-payload-1024-clients-100-veh-73-479,ipi-session-1,multiclient-scalability-run-4,veh-73,479,100-clients,default,stationary,unsynced,true,true,clients,100,count,IPI-CooperativeService,1102,1783019746563507452,1783019681819253218,1783019681819279762,1783019746637413621,73.906,,0.027,64818.134,"CooperativeService{guidedPlanning, status=request, vehicleId=0x7665682d3733, requestedHorizonMs=2500, confidence=100, planning.waypoints=1, offloadTaskId=udp-probe-479, offloadPayload=1024 bytes}"
5g-udp-sender,1783019746897359982,edge4av-real-20260702-multiclient-scalability-run-4,p5g-scale-udp-payload-1024-clients-100,scale,guided-planning,udp,veh-73,veh-73,rsu-1,p5g-scale-udp-payload-1024-clients-100-veh-73-480,ipi-session-1,multiclient-scalability-run-4,veh-73,480,100-clients,default,stationary,unsynced,true,true,clients,100,count,IPI-CooperativeService,1102,1783019746837560905,1783019682079598018,1783019682079624810,1783019746897359982,59.799,,0.027,64817.735,"CooperativeService{guidedPlanning, status=request, vehicleId=0x7665682d3733, requestedHorizonMs=2500, confidence=100, planning.waypoints=1, offloadTaskId=udp-probe-480, offloadPayload=1024 bytes}"
5g-udp-sender,1783019747169380529,edge4av-real-20260702-multiclient-scalability-run-4,p5g-scale-udp-payload-1024-clients-100,scale,guided-planning,udp,veh-73,veh-73,rsu-1,p5g-scale-udp-payload-1024-clients-100-veh-73-481,ipi-session-1,multiclient-scalability-run-4,veh-73,481,100-clients,default,stationary,unsynced,true,true,clients,100,count,IPI-CooperativeService,1102,1783019747097550903,1783019682350120557,1783019682350147246,1783019747169380529,71.830,,0.027,64819.233,"CooperativeService{guidedPlanning, status=request, vehicleId=0x7665682d3733, requestedHorizonMs=2500, confidence=100, planning.waypoints=1, offloadTaskId=udp-probe-481, offloadPayload=1024 bytes}"
5g-udp-sender,1783019747407480388,edge4av-real-20260702-multiclient-scalability-run-4,p5g-scale-udp-payload-1024-clients-100,scale,guided-planning,udp,veh-73,veh-73,rsu-1,p5g-scale-udp-payload-1024-clients-100-veh-73-482,ipi-session-1,multiclient-scalability-run-4,veh-73,482,100-clients,default,stationary,unsynced,true,true,clients,100,count,IPI-CooperativeService,1102,1783019747369528669,1783019682590820197,1783019682590843320,1783019747407480388,37.952,,0.023,64816.637,"CooperativeService{guidedPlanning, status=request, vehicleId=0x7665682d3733, requestedHorizonMs=2500, confidence=100, planning.waypoints=1, offloadTaskId=udp-probe-482, offloadPayload=1024 bytes}"
5g-udp-sender,1783019747647441841,edge4av-real-20260702-multiclient-scalability-run-4,p5g-scale-udp-payload-1024-clients-100,scale,guided-planning,udp,veh-73,veh-73,rsu-1,p5g-scale-udp-payload-1024-clients-100-veh-73-483,ipi-session-1,multiclient-scalability-run-4,veh-73,483,100-clients,default,stationary,unsynced,true,true,clients,100,count,IPI-CooperativeService,1102,1783019747607630368,1783019682831233802,1783019682831258965,1783019747647441841,39.811,,0.025,64816.183,"CooperativeService{guidedPlanning, status=request, vehicleId=0x7665682d3733, requestedHorizonMs=2500, confidence=100, planning.waypoints=1, offloadTaskId=udp-probe-483, offloadPayload=1024 bytes}"
5g-udp-sender,1783019747889332095,edge4av-real-20260702-multiclient-scalability-run-4,p5g-scale-udp-payload-1024-clients-100,scale,guided-planning,udp,veh-73,veh-73,rsu-1,p5g-scale-udp-payload-1024-clients-100-veh-73-484,ipi-session-1,multiclient-scalability-run-4,veh-73,484,100-clients,default,stationary,unsynced,true,true,clients,100,count,IPI-CooperativeService,1102,1783019747847594074,1783019683071688699,1783019683071711905,1783019747889332095,41.738,,0.023,64817.620,"CooperativeService{guidedPlanning, status=request, vehicleId=0x7665682d3733, requestedHorizonMs=2500, confidence=100, planning.waypoints=1, offloadTaskId=udp-probe-484, offloadPayload=1024 bytes}"
5g-udp-sender,1783019748117454134,edge4av-real-20260702-multiclient-scalability-run-4,p5g-scale-udp-payload-1024-clients-100,scale,guided-planning,udp,veh-73,veh-73,rsu-1,p5g-scale-udp-payload-1024-clients-100-veh-73-485,ipi-session-1,multiclient-scalability-run-4,veh-73,485,100-clients,default,stationary,unsynced,true,true,clients,100,count,IPI-CooperativeService,1102,1783019748089502378,1783019683302227026,1783019683302249662,1783019748117454134,27.952,,0.023,64815.204,"CooperativeService{guidedPlanning, status=request, vehicleId=0x7665682d3733, requestedHorizonMs=2500, confidence=100, planning.waypoints=1, offloadTaskId=udp-probe-485, offloadPayload=1024 bytes}"
5g-udp-sender,1783019748355306093,edge4av-real-20260702-multiclient-scalability-run-4,p5g-scale-udp-payload-1024-clients-100,scale,guided-planning,udp,veh-73,veh-73,rsu-1,p5g-scale-udp-payload-1024-clients-100-veh-73-486,ipi-session-1,multiclient-scalability-run-4,veh-73,486,100-clients,default,stationary,unsynced,true,true,clients,100,count,IPI-CooperativeService,1102,1783019748317603543,1783019683542080251,1783019683542130016,1783019748355306093,37.703,,0.050,64813.176,"CooperativeService{guidedPlanning, status=request, vehicleId=0x7665682d3733, requestedHorizonMs=2500, confidence=100, planning.waypoints=1, offloadTaskId=udp-probe-486, offloadPayload=1024 bytes}"
5g-udp-sender,1783019748611391027,edge4av-real-20260702-multiclient-scalability-run-4,p5g-scale-udp-payload-1024-clients-100,scale,guided-planning,udp,veh-73,veh-73,rsu-1,p5g-scale-udp-payload-1024-clients-100-veh-73-487,ipi-session-1,multiclient-scalability-run-4,veh-73,487,100-clients,default,stationary,unsynced,true,true,clients,100,count,IPI-CooperativeService,1102,1783019748555521413,1783019683792902008,1783019683792929646,1783019748611391027,55.870,,0.028,64818.461,"CooperativeService{guidedPlanning, status=request, vehicleId=0x7665682d3733, requestedHorizonMs=2500, confidence=100, planning.waypoints=1, offloadTaskId=udp-probe-487, offloadPayload=1024 bytes}"
5g-udp-sender,1783019748847535087,edge4av-real-20260702-multiclient-scalability-run-4,p5g-scale-udp-payload-1024-clients-100,scale,guided-planning,udp,veh-73,veh-73,rsu-1,p5g-scale-udp-payload-1024-clients-100-veh-73-488,ipi-session-1,multiclient-scalability-run-4,veh-73,488,100-clients,default,stationary,unsynced,true,true,clients,100,count,IPI-CooperativeService,1102,1783019748811576773,1783019684032952833,1783019684033003258,1783019748847535087,35.958,,0.050,64814.532,"CooperativeService{guidedPlanning, status=request, vehicleId=0x7665682d3733, requestedHorizonMs=2500, confidence=100, planning.waypoints=1, offloadTaskId=udp-probe-488, offloadPayload=1024 bytes}"
5g-udp-sender,1783019749091542397,edge4av-real-20260702-multiclient-scalability-run-4,p5g-scale-udp-payload-1024-clients-100,scale,guided-planning,udp,veh-73,veh-73,rsu-1,p5g-scale-udp-payload-1024-clients-100-veh-73-489,ipi-session-1,multiclient-scalability-run-4,veh-73,489,100-clients,default,stationary,unsynced,true,true,clients,100,count,IPI-CooperativeService,1102,1783019749047719637,1783019684274272761,1783019684274297570,1783019749091542397,43.823,,0.025,64817.245,"CooperativeService{guidedPlanning, status=request, vehicleId=0x7665682d3733, requestedHorizonMs=2500, confidence=100, planning.waypoints=1, offloadTaskId=udp-probe-489, offloadPayload=1024 bytes}"
5g-udp-sender,1783019749337305433,edge4av-real-20260702-multiclient-scalability-run-4,p5g-scale-udp-payload-1024-clients-100,scale,guided-planning,udp,veh-73,veh-73,rsu-1,p5g-scale-udp-payload-1024-clients-100-veh-73-490,ipi-session-1,multiclient-scalability-run-4,veh-73,490,100-clients,default,stationary,unsynced,true,true,clients,100,count,IPI-CooperativeService,1102,1783019749291693300,1783019684524433632,1783019684524457685,1783019749337305433,45.612,,0.024,64812.848,"CooperativeService{guidedPlanning, status=request, vehicleId=0x7665682d3733, requestedHorizonMs=2500, confidence=100, planning.waypoints=1, offloadTaskId=udp-probe-490, offloadPayload=1024 bytes}"
5g-udp-sender,1783019749607045544,edge4av-real-20260702-multiclient-scalability-run-4,p5g-scale-udp-payload-1024-clients-100,scale,guided-planning,udp,veh-73,veh-73,rsu-1,p5g-scale-udp-payload-1024-clients-100-veh-73-491,ipi-session-1,multiclient-scalability-run-4,veh-73,491,100-clients,default,stationary,unsynced,true,true,clients,100,count,IPI-CooperativeService,1102,1783019749537471329,1783019684794631036,1783019684794680759,1783019749607045544,69.574,,0.050,64812.365,"CooperativeService{guidedPlanning, status=request, vehicleId=0x7665682d3733, requestedHorizonMs=2500, confidence=100, planning.waypoints=1, offloadTaskId=udp-probe-491, offloadPayload=1024 bytes}"
5g-udp-sender,1783019749883439938,edge4av-real-20260702-multiclient-scalability-run-4,p5g-scale-udp-payload-1024-clients-100,scale,guided-planning,udp,veh-73,veh-73,rsu-1,p5g-scale-udp-payload-1024-clients-100-veh-73-492,ipi-session-1,multiclient-scalability-run-4,veh-73,492,100-clients,default,stationary,unsynced,true,true,clients,100,count,IPI-CooperativeService,1102,1783019749807194233,1783019685065306559,1783019685065331452,1783019749883439938,76.246,,0.025,64818.108,"CooperativeService{guidedPlanning, status=request, vehicleId=0x7665682d3733, requestedHorizonMs=2500, confidence=100, planning.waypoints=1, offloadTaskId=udp-probe-492, offloadPayload=1024 bytes}"
5g-udp-sender,1783019750117471704,edge4av-real-20260702-multiclient-scalability-run-4,p5g-scale-udp-payload-1024-clients-100,scale,guided-planning,udp,veh-73,veh-73,rsu-1,p5g-scale-udp-payload-1024-clients-100-veh-73-493,ipi-session-1,multiclient-scalability-run-4,veh-73,493,100-clients,default,stationary,unsynced,true,true,clients,100,count,IPI-CooperativeService,1102,1783019750083596921,1783019685305655906,1783019685305706230,1783019750117471704,33.875,,0.050,64811.765,"CooperativeService{guidedPlanning, status=request, vehicleId=0x7665682d3733, requestedHorizonMs=2500, confidence=100, planning.waypoints=1, offloadTaskId=udp-probe-493, offloadPayload=1024 bytes}"
5g-udp-sender,1783019750361319409,edge4av-real-20260702-multiclient-scalability-run-4,p5g-scale-udp-payload-1024-clients-100,scale,guided-planning,udp,veh-73,veh-73,rsu-1,p5g-scale-udp-payload-1024-clients-100-veh-73-494,ipi-session-1,multiclient-scalability-run-4,veh-73,494,100-clients,default,stationary,unsynced,true,true,clients,100,count,IPI-CooperativeService,1102,1783019750317664311,1783019685546126367,1783019685546176465,1783019750361319409,43.655,,0.050,64815.143,"CooperativeService{guidedPlanning, status=request, vehicleId=0x7665682d3733, requestedHorizonMs=2500, confidence=100, planning.waypoints=1, offloadTaskId=udp-probe-494, offloadPayload=1024 bytes}"
5g-udp-sender,1783019750603404037,edge4av-real-20260702-multiclient-scalability-run-4,p5g-scale-udp-payload-1024-clients-100,scale,guided-planning,udp,veh-73,veh-73,rsu-1,p5g-scale-udp-payload-1024-clients-100-veh-73-495,ipi-session-1,multiclient-scalability-run-4,veh-73,495,100-clients,default,stationary,unsynced,true,true,clients,100,count,IPI-CooperativeService,1102,1783019750561534778,1783019685786276822,1783019685786327189,1783019750603404037,41.869,,0.050,64817.077,"CooperativeService{guidedPlanning, status=request, vehicleId=0x7665682d3733, requestedHorizonMs=2500, confidence=100, planning.waypoints=1, offloadTaskId=udp-probe-495, offloadPayload=1024 bytes}"
5g-udp-sender,1783019750857387327,edge4av-real-20260702-multiclient-scalability-run-4,p5g-scale-udp-payload-1024-clients-100,scale,guided-planning,udp,veh-73,veh-73,rsu-1,p5g-scale-udp-payload-1024-clients-100-veh-73-496,ipi-session-1,multiclient-scalability-run-4,veh-73,496,100-clients,default,stationary,unsynced,true,true,clients,100,count,IPI-CooperativeService,1102,1783019750803595044,1783019686036855402,1783019686036883316,1783019750857387327,53.792,,0.028,64820.504,"CooperativeService{guidedPlanning, status=request, vehicleId=0x7665682d3733, requestedHorizonMs=2500, confidence=100, planning.waypoints=1, offloadTaskId=udp-probe-496, offloadPayload=1024 bytes}"
5g-udp-sender,1783019751119252560,edge4av-real-20260702-multiclient-scalability-run-4,p5g-scale-udp-payload-1024-clients-100,scale,guided-planning,udp,veh-73,veh-73,rsu-1,p5g-scale-udp-payload-1024-clients-100-veh-73-497,ipi-session-1,multiclient-scalability-run-4,veh-73,497,100-clients,default,stationary,unsynced,true,true,clients,100,count,IPI-CooperativeService,1102,1783019751057545222,1783019686297898705,1783019686297920347,1783019751119252560,61.707,,0.022,64821.332,"CooperativeService{guidedPlanning, status=request, vehicleId=0x7665682d3733, requestedHorizonMs=2500, confidence=100, planning.waypoints=1, offloadTaskId=udp-probe-497, offloadPayload=1024 bytes}"
5g-udp-sender,1783019751357509272,edge4av-real-20260702-multiclient-scalability-run-4,p5g-scale-udp-payload-1024-clients-100,scale,guided-planning,udp,veh-73,veh-73,rsu-1,p5g-scale-udp-payload-1024-clients-100-veh-73-498,ipi-session-1,multiclient-scalability-run-4,veh-73,498,100-clients,default,stationary,unsynced,true,true,clients,100,count,IPI-CooperativeService,1102,1783019751319402266,1783019686538526098,1783019686538549124,1783019751357509272,38.107,,0.023,64818.960,"CooperativeService{guidedPlanning, status=request, vehicleId=0x7665682d3733, requestedHorizonMs=2500, confidence=100, planning.waypoints=1, offloadTaskId=udp-probe-498, offloadPayload=1024 bytes}"
5g-udp-sender,1783019751595403467,edge4av-real-20260702-multiclient-scalability-run-4,p5g-scale-udp-payload-1024-clients-100,scale,guided-planning,udp,veh-73,veh-73,rsu-1,p5g-scale-udp-payload-1024-clients-100-veh-73-499,ipi-session-1,multiclient-scalability-run-4,veh-73,499,100-clients,default,stationary,unsynced,true,true,clients,100,count,IPI-CooperativeService,1102,1783019751557655851,1783019686778863340,1783019686778884940,1783019751595403467,37.748,,0.022,64816.519,"CooperativeService{guidedPlanning, status=request, vehicleId=0x7665682d3733, requestedHorizonMs=2500, confidence=100, planning.waypoints=1, offloadTaskId=udp-probe-499, offloadPayload=1024 bytes}"
5g-udp-sender,1783019751833444671,edge4av-real-20260702-multiclient-scalability-run-4,p5g-scale-udp-payload-1024-clients-100,scale,guided-planning,udp,veh-73,veh-73,rsu-1,p5g-scale-udp-payload-1024-clients-100-veh-73-500,ipi-session-1,multiclient-scalability-run-4,veh-73,500,100-clients,default,stationary,unsynced,true,true,clients,100,count,IPI-CooperativeService,1102,1783019751795626750,1783019687019216708,1783019687019239769,1783019751833444671,37.818,,0.023,64814.205,"CooperativeService{guidedPlanning, status=request, vehicleId=0x7665682d3733, requestedHorizonMs=2500, confidence=100, planning.waypoints=1, offloadTaskId=udp-probe-500, offloadPayload=1024 bytes}"
5g-udp-sender,1783019752075359887,edge4av-real-20260702-multiclient-scalability-run-4,p5g-scale-udp-payload-1024-clients-100,scale,guided-planning,udp,veh-73,veh-73,rsu-1,p5g-scale-udp-payload-1024-clients-100-veh-73-501,ipi-session-1,multiclient-scalability-run-4,veh-73,501,100-clients,default,stationary,unsynced,true,true,clients,100,count,IPI-CooperativeService,1102,1783019752033624887,1783019687259646581,1783019687259672037,1783019752075359887,41.735,,0.025,64815.688,"CooperativeService{guidedPlanning, status=request, vehicleId=0x7665682d3733, requestedHorizonMs=2500, confidence=100, planning.waypoints=1, offloadTaskId=udp-probe-501, offloadPayload=1024 bytes}"
5g-udp-sender,1783019752339334869,edge4av-real-20260702-multiclient-scalability-run-4,p5g-scale-udp-payload-1024-clients-100,scale,guided-planning,udp,veh-73,veh-73,rsu-1,p5g-scale-udp-payload-1024-clients-100-veh-73-502,ipi-session-1,multiclient-scalability-run-4,veh-73,502,100-clients,default,stationary,unsynced,true,true,clients,100,count,IPI-CooperativeService,1102,1783019752275507641,1783019687520008766,1783019687520032939,1783019752339334869,63.827,,0.024,64819.302,"CooperativeService{guidedPlanning, status=request, vehicleId=0x7665682d3733, requestedHorizonMs=2500, confidence=100, planning.waypoints=1, offloadTaskId=udp-probe-502, offloadPayload=1024 bytes}"
5g-udp-sender,1783019752575464294,edge4av-real-20260702-multiclient-scalability-run-4,p5g-scale-udp-payload-1024-clients-100,scale,guided-planning,udp,veh-73,veh-73,rsu-1,p5g-scale-udp-payload-1024-clients-100-veh-73-503,ipi-session-1,multiclient-scalability-run-4,veh-73,503,100-clients,default,stationary,unsynced,true,true,clients,100,count,IPI-CooperativeService,1102,1783019752539509098,1783019687760438901,1783019687760485220,1783019752575464294,35.955,,0.046,64814.979,"CooperativeService{guidedPlanning, status=request, vehicleId=0x7665682d3733, requestedHorizonMs=2500, confidence=100, planning.waypoints=1, offloadTaskId=udp-probe-503, offloadPayload=1024 bytes}"
5g-udp-sender,1783019752817387754,edge4av-real-20260702-multiclient-scalability-run-4,p5g-scale-udp-payload-1024-clients-100,scale,guided-planning,udp,veh-73,veh-73,rsu-1,p5g-scale-udp-payload-1024-clients-100-veh-73-504,ipi-session-1,multiclient-scalability-run-4,veh-73,504,100-clients,default,stationary,unsynced,true,true,clients,100,count,IPI-CooperativeService,1102,1783019752775613959,1783019688001161114,1783019688001183376,1783019752817387754,41.774,,0.022,64816.204,"CooperativeService{guidedPlanning, status=request, vehicleId=0x7665682d3733, requestedHorizonMs=2500, confidence=100, planning.waypoints=1, offloadTaskId=udp-probe-504, offloadPayload=1024 bytes}"
5g-udp-sender,1783019753097443033,edge4av-real-20260702-multiclient-scalability-run-4,p5g-scale-udp-payload-1024-clients-100,scale,guided-planning,udp,veh-73,veh-73,rsu-1,p5g-scale-udp-payload-1024-clients-100-veh-73-505,ipi-session-1,multiclient-scalability-run-4,veh-73,505,100-clients,default,stationary,unsynced,true,true,clients,100,count,IPI-CooperativeService,1102,1783019753017575098,1783019688280799611,1783019688280850305,1783019753097443033,79.868,,0.051,64816.593,"CooperativeService{guidedPlanning, status=request, vehicleId=0x7665682d3733, requestedHorizonMs=2500, confidence=100, planning.waypoints=1, offloadTaskId=udp-probe-505, offloadPayload=1024 bytes}"
5g-udp-sender,1783019753423383532,edge4av-real-20260702-multiclient-scalability-run-4,p5g-scale-udp-payload-1024-clients-100,scale,guided-planning,udp,veh-73,veh-73,rsu-1,p5g-scale-udp-payload-1024-clients-100-veh-73-506,ipi-session-1,multiclient-scalability-run-4,veh-73,506,100-clients,default,stationary,unsynced,true,true,clients,100,count,IPI-CooperativeService,1102,1783019753297642308,1783019688601717192,1783019688601740593,1783019753423383532,125.741,,0.023,64821.643,"CooperativeService{guidedPlanning, status=request, vehicleId=0x7665682d3733, requestedHorizonMs=2500, confidence=100, planning.waypoints=1, offloadTaskId=udp-probe-506, offloadPayload=1024 bytes}"
5g-udp-sender,1783019753755450942,edge4av-real-20260702-multiclient-scalability-run-4,p5g-scale-udp-payload-1024-clients-100,scale,guided-planning,udp,veh-73,veh-73,rsu-1,p5g-scale-udp-payload-1024-clients-100-veh-73-507,ipi-session-1,multiclient-scalability-run-4,veh-73,507,100-clients,default,stationary,unsynced,true,true,clients,100,count,IPI-CooperativeService,1102,1783019753623563677,1783019688942017745,1783019688942068361,1783019753755450942,131.887,,0.051,64813.383,"CooperativeService{guidedPlanning, status=request, vehicleId=0x7665682d3733, requestedHorizonMs=2500, confidence=100, planning.waypoints=1, offloadTaskId=udp-probe-507, offloadPayload=1024 bytes}"
5g-udp-sender,1783019754031484107,edge4av-real-20260702-multiclient-scalability-run-4,p5g-scale-udp-payload-1024-clients-100,scale,guided-planning,udp,veh-73,veh-73,rsu-1,p5g-scale-udp-payload-1024-clients-100-veh-73-508,ipi-session-1,multiclient-scalability-run-4,veh-73,508,100-clients,default,stationary,unsynced,true,true,clients,100,count,IPI-CooperativeService,1102,1783019753955627963,1783019689213003471,1783019689213026530,1783019754031484107,75.856,,0.023,64818.458,"CooperativeService{guidedPlanning, status=request, vehicleId=0x7665682d3733, requestedHorizonMs=2500, confidence=100, planning.waypoints=1, offloadTaskId=udp-probe-508, offloadPayload=1024 bytes}"
5g-udp-sender,1783019754307540521,edge4av-real-20260702-multiclient-scalability-run-4,p5g-scale-udp-payload-1024-clients-100,scale,guided-planning,udp,veh-73,veh-73,rsu-1,p5g-scale-udp-payload-1024-clients-100-veh-73-509,ipi-session-1,multiclient-scalability-run-4,veh-73,509,100-clients,default,stationary,unsynced,true,true,clients,100,count,IPI-CooperativeService,1102,1783019754231669881,1783019689492813539,1783019689492862988,1783019754307540521,75.871,,0.049,64814.678,"CooperativeService{guidedPlanning, status=request, vehicleId=0x7665682d3733, requestedHorizonMs=2500, confidence=100, planning.waypoints=1, offloadTaskId=udp-probe-509, offloadPayload=1024 bytes}"
5g-udp-sender,1783019754589367666,edge4av-real-20260702-multiclient-scalability-run-4,p5g-scale-udp-payload-1024-clients-100,scale,guided-planning,udp,veh-73,veh-73,rsu-1,p5g-scale-udp-payload-1024-clients-100-veh-73-510,ipi-session-1,multiclient-scalability-run-4,veh-73,510,100-clients,default,stationary,unsynced,true,true,clients,100,count,IPI-CooperativeService,1102,1783019754507723962,1783019689773638719,1783019689773661794,1783019754589367666,81.644,,0.023,64815.706,"CooperativeService{guidedPlanning, status=request, vehicleId=0x7665682d3733, requestedHorizonMs=2500, confidence=100, planning.waypoints=1, offloadTaskId=udp-probe-510, offloadPayload=1024 bytes}"
5g-udp-sender,1783019754899373495,edge4av-real-20260702-multiclient-scalability-run-4,p5g-scale-udp-payload-1024-clients-100,scale,guided-planning,udp,veh-73,veh-73,rsu-1,p5g-scale-udp-payload-1024-clients-100-veh-73-511,ipi-session-1,multiclient-scalability-run-4,veh-73,511,100-clients,default,stationary,unsynced,true,true,clients,100,count,IPI-CooperativeService,1102,1783019754789546761,1783019690084232311,1783019690084261570,1783019754899373495,109.827,,0.029,64815.112,"CooperativeService{guidedPlanning, status=request, vehicleId=0x7665682d3733, requestedHorizonMs=2500, confidence=100, planning.waypoints=1, offloadTaskId=udp-probe-511, offloadPayload=1024 bytes}"
5g-udp-sender,1783019755193423965,edge4av-real-20260702-multiclient-scalability-run-4,p5g-scale-udp-payload-1024-clients-100,scale,guided-planning,udp,veh-73,veh-73,rsu-1,p5g-scale-udp-payload-1024-clients-100-veh-73-512,ipi-session-1,multiclient-scalability-run-4,veh-73,512,100-clients,default,stationary,unsynced,true,true,clients,100,count,IPI-CooperativeService,1102,1783019755099604783,1783019690374848565,1783019690374872003,1783019755193423965,93.819,,0.023,64818.552,"CooperativeService{guidedPlanning, status=request, vehicleId=0x7665682d3733, requestedHorizonMs=2500, confidence=100, planning.waypoints=1, offloadTaskId=udp-probe-512, offloadPayload=1024 bytes}"
5g-udp-sender,1783019755519372172,edge4av-real-20260702-multiclient-scalability-run-4,p5g-scale-udp-payload-1024-clients-100,scale,guided-planning,udp,veh-73,veh-73,rsu-1,p5g-scale-udp-payload-1024-clients-100-veh-73-513,ipi-session-1,multiclient-scalability-run-4,veh-73,513,100-clients,default,stationary,unsynced,true,true,clients,100,count,IPI-CooperativeService,1102,1783019755393605035,1783019690705300212,1783019690705327205,1783019755519372172,125.767,,0.027,64814.045,"CooperativeService{guidedPlanning, status=request, vehicleId=0x7665682d3733, requestedHorizonMs=2500, confidence=100, planning.waypoints=1, offloadTaskId=udp-probe-513, offloadPayload=1024 bytes}"
5g-udp-sender,1783019755823405565,edge4av-real-20260702-multiclient-scalability-run-4,p5g-scale-udp-payload-1024-clients-100,scale,guided-planning,udp,veh-73,veh-73,rsu-1,p5g-scale-udp-payload-1024-clients-100-veh-73-514,ipi-session-1,multiclient-scalability-run-4,veh-73,514,100-clients,default,stationary,unsynced,true,true,clients,100,count,IPI-CooperativeService,1102,1783019755719561594,1783019691005928839,1783019691005955824,1783019755823405565,103.844,,0.027,64817.450,"CooperativeService{guidedPlanning, status=request, vehicleId=0x7665682d3733, requestedHorizonMs=2500, confidence=100, planning.waypoints=1, offloadTaskId=udp-probe-514, offloadPayload=1024 bytes}"
5g-udp-sender,1783019756069559260,edge4av-real-20260702-multiclient-scalability-run-4,p5g-scale-udp-payload-1024-clients-100,scale,guided-planning,udp,veh-73,veh-73,rsu-1,p5g-scale-udp-payload-1024-clients-100-veh-73-515,ipi-session-1,multiclient-scalability-run-4,veh-73,515,100-clients,default,stationary,unsynced,true,true,clients,100,count,IPI-CooperativeService,1102,1783019756023576719,1783019691256476949,1783019691256499443,1783019756069559260,45.983,,0.022,64813.060,"CooperativeService{guidedPlanning, status=request, vehicleId=0x7665682d3733, requestedHorizonMs=2500, confidence=100, planning.waypoints=1, offloadTaskId=udp-probe-515, offloadPayload=1024 bytes}"
5g-udp-sender,1783019756345404351,edge4av-real-20260702-multiclient-scalability-run-4,p5g-scale-udp-payload-1024-clients-100,scale,guided-planning,udp,veh-73,veh-73,rsu-1,p5g-scale-udp-payload-1024-clients-100-veh-73-516,ipi-session-1,multiclient-scalability-run-4,veh-73,516,100-clients,default,stationary,unsynced,true,true,clients,100,count,IPI-CooperativeService,1102,1783019756269707340,1783019691526904569,1783019691526934229,1783019756345404351,75.697,,0.030,64818.470,"CooperativeService{guidedPlanning, status=request, vehicleId=0x7665682d3733, requestedHorizonMs=2500, confidence=100, planning.waypoints=1, offloadTaskId=udp-probe-516, offloadPayload=1024 bytes}"
5g-udp-sender,1783019756595364844,edge4av-real-20260702-multiclient-scalability-run-4,p5g-scale-udp-payload-1024-clients-100,scale,guided-planning,udp,veh-73,veh-73,rsu-1,p5g-scale-udp-payload-1024-clients-100-veh-73-517,ipi-session-1,multiclient-scalability-run-4,veh-73,517,100-clients,default,stationary,unsynced,true,true,clients,100,count,IPI-CooperativeService,1102,1783019756545590482,1783019691777165427,1783019691777188523,1783019756595364844,49.774,,0.023,64818.176,"CooperativeService{guidedPlanning, status=request, vehicleId=0x7665682d3733, requestedHorizonMs=2500, confidence=100, planning.waypoints=1, offloadTaskId=udp-probe-517, offloadPayload=1024 bytes}"
5g-udp-sender,1783019756843388709,edge4av-real-20260702-multiclient-scalability-run-4,p5g-scale-udp-payload-1024-clients-100,scale,guided-planning,udp,veh-73,veh-73,rsu-1,p5g-scale-udp-payload-1024-clients-100-veh-73-518,ipi-session-1,multiclient-scalability-run-4,veh-73,518,100-clients,default,stationary,unsynced,true,true,clients,100,count,IPI-CooperativeService,1102,1783019756795611172,1783019692027501825,1783019692027529263,1783019756843388709,47.778,,0.027,64815.859,"CooperativeService{guidedPlanning, status=request, vehicleId=0x7665682d3733, requestedHorizonMs=2500, confidence=100, planning.waypoints=1, offloadTaskId=udp-probe-518, offloadPayload=1024 bytes}"
5g-udp-sender,1783019757109461275,edge4av-real-20260702-multiclient-scalability-run-4,p5g-scale-udp-payload-1024-clients-100,scale,guided-planning,udp,veh-73,veh-73,rsu-1,p5g-scale-udp-payload-1024-clients-100-veh-73-519,ipi-session-1,multiclient-scalability-run-4,veh-73,519,100-clients,default,stationary,unsynced,true,true,clients,100,count,IPI-CooperativeService,1102,1783019757043536662,1783019692297798259,1783019692297847542,1783019757109461275,65.925,,0.049,64811.614,"CooperativeService{guidedPlanning, status=request, vehicleId=0x7665682d3733, requestedHorizonMs=2500, confidence=100, planning.waypoints=1, offloadTaskId=udp-probe-519, offloadPayload=1024 bytes}"
5g-udp-sender,1783019757351397286,edge4av-real-20260702-multiclient-scalability-run-4,p5g-scale-udp-payload-1024-clients-100,scale,guided-planning,udp,veh-73,veh-73,rsu-1,p5g-scale-udp-payload-1024-clients-100-veh-73-520,ipi-session-1,multiclient-scalability-run-4,veh-73,520,100-clients,default,stationary,unsynced,true,true,clients,100,count,IPI-CooperativeService,1102,1783019757309612112,1783019692538136359,1783019692538185810,1783019757351397286,41.785,,0.049,64813.211,"CooperativeService{guidedPlanning, status=request, vehicleId=0x7665682d3733, requestedHorizonMs=2500, confidence=100, planning.waypoints=1, offloadTaskId=udp-probe-520, offloadPayload=1024 bytes}"
5g-udp-sender,1783019757625502684,edge4av-real-20260702-multiclient-scalability-run-4,p5g-scale-udp-payload-1024-clients-100,scale,guided-planning,udp,veh-73,veh-73,rsu-1,p5g-scale-udp-payload-1024-clients-100-veh-73-521,ipi-session-1,multiclient-scalability-run-4,veh-73,521,100-clients,default,stationary,unsynced,true,true,clients,100,count,IPI-CooperativeService,1102,1783019757551583209,1783019692808940161,1783019692808966888,1783019757625502684,73.919,,0.027,64816.536,"CooperativeService{guidedPlanning, status=request, vehicleId=0x7665682d3733, requestedHorizonMs=2500, confidence=100, planning.waypoints=1, offloadTaskId=udp-probe-521, offloadPayload=1024 bytes}"
5g-udp-sender,1783019757897368085,edge4av-real-20260702-multiclient-scalability-run-4,p5g-scale-udp-payload-1024-clients-100,scale,guided-planning,udp,veh-73,veh-73,rsu-1,p5g-scale-udp-payload-1024-clients-100-veh-73-522,ipi-session-1,multiclient-scalability-run-4,veh-73,522,100-clients,default,stationary,unsynced,true,true,clients,100,count,IPI-CooperativeService,1102,1783019757825683518,1783019693079558561,1783019693079581445,1783019757897368085,71.685,,0.023,64817.787,"CooperativeService{guidedPlanning, status=request, vehicleId=0x7665682d3733, requestedHorizonMs=2500, confidence=100, planning.waypoints=1, offloadTaskId=udp-probe-522, offloadPayload=1024 bytes}"
5g-udp-sender,1783019758157447245,edge4av-real-20260702-multiclient-scalability-run-4,p5g-scale-udp-payload-1024-clients-100,scale,guided-planning,udp,veh-73,veh-73,rsu-1,p5g-scale-udp-payload-1024-clients-100-veh-73-523,ipi-session-1,multiclient-scalability-run-4,veh-73,523,100-clients,default,stationary,unsynced,true,true,clients,100,count,IPI-CooperativeService,1102,1783019758097556675,1783019693339706541,1783019693339735698,1783019758157447245,59.891,,0.029,64817.712,"CooperativeService{guidedPlanning, status=request, vehicleId=0x7665682d3733, requestedHorizonMs=2500, confidence=100, planning.waypoints=1, offloadTaskId=udp-probe-523, offloadPayload=1024 bytes}"
5g-udp-sender,1783019758417389217,edge4av-real-20260702-multiclient-scalability-run-4,p5g-scale-udp-payload-1024-clients-100,scale,guided-planning,udp,veh-73,veh-73,rsu-1,p5g-scale-udp-payload-1024-clients-100-veh-73-524,ipi-session-1,multiclient-scalability-run-4,veh-73,524,100-clients,default,stationary,unsynced,true,true,clients,100,count,IPI-CooperativeService,1102,1783019758357639452,1783019693600507293,1783019693600530849,1783019758417389217,59.750,,0.024,64816.858,"CooperativeService{guidedPlanning, status=request, vehicleId=0x7665682d3733, requestedHorizonMs=2500, confidence=100, planning.waypoints=1, offloadTaskId=udp-probe-524, offloadPayload=1024 bytes}"
5g-udp-sender,1783019758653525966,edge4av-real-20260702-multiclient-scalability-run-4,p5g-scale-udp-payload-1024-clients-100,scale,guided-planning,udp,veh-73,veh-73,rsu-1,p5g-scale-udp-payload-1024-clients-100-veh-73-525,ipi-session-1,multiclient-scalability-run-4,veh-73,525,100-clients,default,stationary,unsynced,true,true,clients,100,count,IPI-CooperativeService,1102,1783019758617540503,1783019693840540140,1783019693840589567,1783019758653525966,35.985,,0.049,64812.936,"CooperativeService{guidedPlanning, status=request, vehicleId=0x7665682d3733, requestedHorizonMs=2500, confidence=100, planning.waypoints=1, offloadTaskId=udp-probe-525, offloadPayload=1024 bytes}"
5g-udp-sender,1783019758885469433,edge4av-real-20260702-multiclient-scalability-run-4,p5g-scale-udp-payload-1024-clients-100,scale,guided-planning,udp,veh-73,veh-73,rsu-1,p5g-scale-udp-payload-1024-clients-100-veh-73-526,ipi-session-1,multiclient-scalability-run-4,veh-73,526,100-clients,default,stationary,unsynced,true,true,clients,100,count,IPI-CooperativeService,1102,1783019758853684793,1783019694071177869,1783019694071225138,1783019758885469433,31.785,,0.047,64814.244,"CooperativeService{guidedPlanning, status=request, vehicleId=0x7665682d3733, requestedHorizonMs=2500, confidence=100, planning.waypoints=1, offloadTaskId=udp-probe-526, offloadPayload=1024 bytes}"
5g-udp-sender,1783019759117396299,edge4av-real-20260702-multiclient-scalability-run-4,p5g-scale-udp-payload-1024-clients-100,scale,guided-planning,udp,veh-73,veh-73,rsu-1,p5g-scale-udp-payload-1024-clients-100-veh-73-527,ipi-session-1,multiclient-scalability-run-4,veh-73,527,100-clients,default,stationary,unsynced,true,true,clients,100,count,IPI-CooperativeService,1102,1783019759085617696,1783019694301435664,1783019694301462187,1783019759117396299,31.779,,0.027,64815.934,"CooperativeService{guidedPlanning, status=request, vehicleId=0x7665682d3733, requestedHorizonMs=2500, confidence=100, planning.waypoints=1, offloadTaskId=udp-probe-527, offloadPayload=1024 bytes}"
5g-udp-sender,1783019759389432361,edge4av-real-20260702-multiclient-scalability-run-4,p5g-scale-udp-payload-1024-clients-100,scale,guided-planning,udp,veh-73,veh-73,rsu-1,p5g-scale-udp-payload-1024-clients-100-veh-73-528,ipi-session-1,multiclient-scalability-run-4,veh-73,528,100-clients,default,stationary,unsynced,true,true,clients,100,count,IPI-CooperativeService,1102,1783019759317552412,1783019694572275351,1783019694572301162,1783019759389432361,71.880,,0.026,64817.131,"CooperativeService{guidedPlanning, status=request, vehicleId=0x7665682d3733, requestedHorizonMs=2500, confidence=100, planning.waypoints=1, offloadTaskId=udp-probe-528, offloadPayload=1024 bytes}"
5g-udp-sender,1783019759647436237,edge4av-real-20260702-multiclient-scalability-run-4,p5g-scale-udp-payload-1024-clients-100,scale,guided-planning,udp,veh-73,veh-73,rsu-1,p5g-scale-udp-payload-1024-clients-100-veh-73-529,ipi-session-1,multiclient-scalability-run-4,veh-73,529,100-clients,default,stationary,unsynced,true,true,clients,100,count,IPI-CooperativeService,1102,1783019759589590480,1783019694832227368,1783019694832254975,1783019759647436237,57.846,,0.028,64815.181,"CooperativeService{guidedPlanning, status=request, vehicleId=0x7665682d3733, requestedHorizonMs=2500, confidence=100, planning.waypoints=1, offloadTaskId=udp-probe-529, offloadPayload=1024 bytes}"
5g-udp-sender,1783019759917522844,edge4av-real-20260702-multiclient-scalability-run-4,p5g-scale-udp-payload-1024-clients-100,scale,guided-planning,udp,veh-73,veh-73,rsu-1,p5g-scale-udp-payload-1024-clients-100-veh-73-530,ipi-session-1,multiclient-scalability-run-4,veh-73,530,100-clients,default,stationary,unsynced,true,true,clients,100,count,IPI-CooperativeService,1102,1783019759847625017,1783019695102622923,1783019695102672752,1783019759917522844,69.898,,0.050,64814.850,"CooperativeService{guidedPlanning, status=request, vehicleId=0x7665682d3733, requestedHorizonMs=2500, confidence=100, planning.waypoints=1, offloadTaskId=udp-probe-530, offloadPayload=1024 bytes}"
5g-udp-sender,1783019760155413645,edge4av-real-20260702-multiclient-scalability-run-4,p5g-scale-udp-payload-1024-clients-100,scale,guided-planning,udp,veh-73,veh-73,rsu-1,p5g-scale-udp-payload-1024-clients-100-veh-73-531,ipi-session-1,multiclient-scalability-run-4,veh-73,531,100-clients,default,stationary,unsynced,true,true,clients,100,count,IPI-CooperativeService,1102,1783019760117698583,1783019695343069475,1783019695343120461,1783019760155413645,37.715,,0.051,64812.293,"CooperativeService{guidedPlanning, status=request, vehicleId=0x7665682d3733, requestedHorizonMs=2500, confidence=100, planning.waypoints=1, offloadTaskId=udp-probe-531, offloadPayload=1024 bytes}"
5g-udp-sender,1783019760389667374,edge4av-real-20260702-multiclient-scalability-run-4,p5g-scale-udp-payload-1024-clients-100,scale,guided-planning,udp,veh-73,veh-73,rsu-1,p5g-scale-udp-payload-1024-clients-100-veh-73-532,ipi-session-1,multiclient-scalability-run-4,veh-73,532,100-clients,default,stationary,unsynced,true,true,clients,100,count,IPI-CooperativeService,1102,1783019760355562491,1783019695573818689,1783019695573841629,1783019760389667374,34.105,,0.023,64815.826,"CooperativeService{guidedPlanning, status=request, vehicleId=0x7665682d3733, requestedHorizonMs=2500, confidence=100, planning.waypoints=1, offloadTaskId=udp-probe-532, offloadPayload=1024 bytes}"
5g-udp-sender,1783019760631372363,edge4av-real-20260702-multiclient-scalability-run-4,p5g-scale-udp-payload-1024-clients-100,scale,guided-planning,udp,veh-73,veh-73,rsu-1,p5g-scale-udp-payload-1024-clients-100-veh-73-533,ipi-session-1,multiclient-scalability-run-4,veh-73,533,100-clients,default,stationary,unsynced,true,true,clients,100,count,IPI-CooperativeService,1102,1783019760589840462,1783019695814422789,1783019695814445378,1783019760631372363,41.532,,0.023,64816.927,"CooperativeService{guidedPlanning, status=request, vehicleId=0x7665682d3733, requestedHorizonMs=2500, confidence=100, planning.waypoints=1, offloadTaskId=udp-probe-533, offloadPayload=1024 bytes}"
5g-udp-sender,1783019760879415030,edge4av-real-20260702-multiclient-scalability-run-4,p5g-scale-udp-payload-1024-clients-100,scale,guided-planning,udp,veh-73,veh-73,rsu-1,p5g-scale-udp-payload-1024-clients-100-veh-73-534,ipi-session-1,multiclient-scalability-run-4,veh-73,534,100-clients,default,stationary,unsynced,true,true,clients,100,count,IPI-CooperativeService,1102,1783019760831558439,1783019696064726678,1783019696064755147,1783019760879415030,47.857,,0.028,64814.660,"CooperativeService{guidedPlanning, status=request, vehicleId=0x7665682d3733, requestedHorizonMs=2500, confidence=100, planning.waypoints=1, offloadTaskId=udp-probe-534, offloadPayload=1024 bytes}"
5g-udp-sender,1783019761133574100,edge4av-real-20260702-multiclient-scalability-run-4,p5g-scale-udp-payload-1024-clients-100,scale,guided-planning,udp,veh-73,veh-73,rsu-1,p5g-scale-udp-payload-1024-clients-100-veh-73-535,ipi-session-1,multiclient-scalability-run-4,veh-73,535,100-clients,default,stationary,unsynced,true,true,clients,100,count,IPI-CooperativeService,1102,1783019761079594792,1783019696315167100,1783019696315193554,1783019761133574100,53.979,,0.026,64818.381,"CooperativeService{guidedPlanning, status=request, vehicleId=0x7665682d3733, requestedHorizonMs=2500, confidence=100, planning.waypoints=1, offloadTaskId=udp-probe-535, offloadPayload=1024 bytes}"
5g-udp-sender,1783019761417476784,edge4av-real-20260702-multiclient-scalability-run-4,p5g-scale-udp-payload-1024-clients-100,scale,guided-planning,udp,veh-73,veh-73,rsu-1,p5g-scale-udp-payload-1024-clients-100-veh-73-536,ipi-session-1,multiclient-scalability-run-4,veh-73,536,100-clients,default,stationary,unsynced,true,true,clients,100,count,IPI-CooperativeService,1102,1783019761333803173,1783019696605166118,1783019696605215608,1783019761417476784,83.674,,0.049,64812.261,"CooperativeService{guidedPlanning, status=request, vehicleId=0x7665682d3733, requestedHorizonMs=2500, confidence=100, planning.waypoints=1, offloadTaskId=udp-probe-536, offloadPayload=1024 bytes}"
5g-udp-sender,1783019761651544407,edge4av-real-20260702-multiclient-scalability-run-4,p5g-scale-udp-payload-1024-clients-100,scale,guided-planning,udp,veh-73,veh-73,rsu-1,p5g-scale-udp-payload-1024-clients-100-veh-73-537,ipi-session-1,multiclient-scalability-run-4,veh-73,537,100-clients,default,stationary,unsynced,true,true,clients,100,count,IPI-CooperativeService,1102,1783019761617634920,1783019696836080265,1783019696836103173,1783019761651544407,33.909,,0.023,64815.441,"CooperativeService{guidedPlanning, status=request, vehicleId=0x7665682d3733, requestedHorizonMs=2500, confidence=100, planning.waypoints=1, offloadTaskId=udp-probe-537, offloadPayload=1024 bytes}"
5g-udp-sender,1783019761901500504,edge4av-real-20260702-multiclient-scalability-run-4,p5g-scale-udp-payload-1024-clients-100,scale,guided-planning,udp,veh-73,veh-73,rsu-1,p5g-scale-udp-payload-1024-clients-100-veh-73-538,ipi-session-1,multiclient-scalability-run-4,veh-73,538,100-clients,default,stationary,unsynced,true,true,clients,100,count,IPI-CooperativeService,1102,1783019761851729953,1783019697086293918,1783019697086320939,1783019761901500504,49.771,,0.027,64815.180,"CooperativeService{guidedPlanning, status=request, vehicleId=0x7665682d3733, requestedHorizonMs=2500, confidence=100, planning.waypoints=1, offloadTaskId=udp-probe-538, offloadPayload=1024 bytes}"
5g-udp-sender,1783019762161597449,edge4av-real-20260702-multiclient-scalability-run-4,p5g-scale-udp-payload-1024-clients-100,scale,guided-planning,udp,veh-73,veh-73,rsu-1,p5g-scale-udp-payload-1024-clients-100-veh-73-539,ipi-session-1,multiclient-scalability-run-4,veh-73,539,100-clients,default,stationary,unsynced,true,true,clients,100,count,IPI-CooperativeService,1102,1783019762101675356,1783019697347075184,1783019697347098114,1783019762161597449,59.922,,0.023,64814.499,"CooperativeService{guidedPlanning, status=request, vehicleId=0x7665682d3733, requestedHorizonMs=2500, confidence=100, planning.waypoints=1, offloadTaskId=udp-probe-539, offloadPayload=1024 bytes}"
5g-udp-sender,1783019762425570644,edge4av-real-20260702-multiclient-scalability-run-4,p5g-scale-udp-payload-1024-clients-100,scale,guided-planning,udp,veh-73,veh-73,rsu-1,p5g-scale-udp-payload-1024-clients-100-veh-73-540,ipi-session-1,multiclient-scalability-run-4,veh-73,540,100-clients,default,stationary,unsynced,true,true,clients,100,count,IPI-CooperativeService,1102,1783019762361747474,1783019697607448673,1783019697607470905,1783019762425570644,63.823,,0.022,64818.100,"CooperativeService{guidedPlanning, status=request, vehicleId=0x7665682d3733, requestedHorizonMs=2500, confidence=100, planning.waypoints=1, offloadTaskId=udp-probe-540, offloadPayload=1024 bytes}"
5g-udp-sender,1783019762665372182,edge4av-real-20260702-multiclient-scalability-run-4,p5g-scale-udp-payload-1024-clients-100,scale,guided-planning,udp,veh-73,veh-73,rsu-1,p5g-scale-udp-payload-1024-clients-100-veh-73-541,ipi-session-1,multiclient-scalability-run-4,veh-73,541,100-clients,default,stationary,unsynced,true,true,clients,100,count,IPI-CooperativeService,1102,1783019762625742630,1783019697847756662,1783019697847783131,1783019762665372182,39.630,,0.026,64817.589,"CooperativeService{guidedPlanning, status=request, vehicleId=0x7665682d3733, requestedHorizonMs=2500, confidence=100, planning.waypoints=1, offloadTaskId=udp-probe-541, offloadPayload=1024 bytes}"
5g-udp-sender,1783019762907473519,edge4av-real-20260702-multiclient-scalability-run-4,p5g-scale-udp-payload-1024-clients-100,scale,guided-planning,udp,veh-73,veh-73,rsu-1,p5g-scale-udp-payload-1024-clients-100-veh-73-542,ipi-session-1,multiclient-scalability-run-4,veh-73,542,100-clients,default,stationary,unsynced,true,true,clients,100,count,IPI-CooperativeService,1102,1783019762865610558,1783019698088070533,1783019698088093704,1783019762907473519,41.863,,0.023,64819.380,"CooperativeService{guidedPlanning, status=request, vehicleId=0x7665682d3733, requestedHorizonMs=2500, confidence=100, planning.waypoints=1, offloadTaskId=udp-probe-542, offloadPayload=1024 bytes}"
5g-udp-sender,1783019763149542599,edge4av-real-20260702-multiclient-scalability-run-4,p5g-scale-udp-payload-1024-clients-100,scale,guided-planning,udp,veh-73,veh-73,rsu-1,p5g-scale-udp-payload-1024-clients-100-veh-73-543,ipi-session-1,multiclient-scalability-run-4,veh-73,543,100-clients,default,stationary,unsynced,true,true,clients,100,count,IPI-CooperativeService,1102,1783019763107649431,1783019698337965273,1783019698338015093,1783019763149542599,41.893,,0.050,64811.528,"CooperativeService{guidedPlanning, status=request, vehicleId=0x7665682d3733, requestedHorizonMs=2500, confidence=100, planning.waypoints=1, offloadTaskId=udp-probe-543, offloadPayload=1024 bytes}"
5g-udp-sender,1783019763395544611,edge4av-real-20260702-multiclient-scalability-run-4,p5g-scale-udp-payload-1024-clients-100,scale,guided-planning,udp,veh-73,veh-73,rsu-1,p5g-scale-udp-payload-1024-clients-100-veh-73-544,ipi-session-1,multiclient-scalability-run-4,veh-73,544,100-clients,default,stationary,unsynced,true,true,clients,100,count,IPI-CooperativeService,1102,1783019763349689133,1783019698579129357,1783019698579152382,1783019763395544611,45.855,,0.023,64816.392,"CooperativeService{guidedPlanning, status=request, vehicleId=0x7665682d3733, requestedHorizonMs=2500, confidence=100, planning.waypoints=1, offloadTaskId=udp-probe-544, offloadPayload=1024 bytes}"
5g-udp-sender,1783019763637408882,edge4av-real-20260702-multiclient-scalability-run-4,p5g-scale-udp-payload-1024-clients-100,scale,guided-planning,udp,veh-73,veh-73,rsu-1,p5g-scale-udp-payload-1024-clients-100-veh-73-545,ipi-session-1,multiclient-scalability-run-4,veh-73,545,100-clients,default,stationary,unsynced,true,true,clients,100,count,IPI-CooperativeService,1102,1783019763595706643,1783019698819395420,1783019698819419675,1783019763637408882,41.702,,0.024,64817.989,"CooperativeService{guidedPlanning, status=request, vehicleId=0x7665682d3733, requestedHorizonMs=2500, confidence=100, planning.waypoints=1, offloadTaskId=udp-probe-545, offloadPayload=1024 bytes}"
5g-udp-sender,1783019763877560160,edge4av-real-20260702-multiclient-scalability-run-4,p5g-scale-udp-payload-1024-clients-100,scale,guided-planning,udp,veh-73,veh-73,rsu-1,p5g-scale-udp-payload-1024-clients-100-veh-73-546,ipi-session-1,multiclient-scalability-run-4,veh-73,546,100-clients,default,stationary,unsynced,true,true,clients,100,count,IPI-CooperativeService,1102,1783019763837573080,1783019699059764866,1783019699059787443,1783019763877560160,39.987,,0.023,64817.773,"CooperativeService{guidedPlanning, status=request, vehicleId=0x7665682d3733, requestedHorizonMs=2500, confidence=100, planning.waypoints=1, offloadTaskId=udp-probe-546, offloadPayload=1024 bytes}"
5g-udp-sender,1783019764115447890,edge4av-real-20260702-multiclient-scalability-run-4,p5g-scale-udp-payload-1024-clients-100,scale,guided-planning,udp,veh-73,veh-73,rsu-1,p5g-scale-udp-payload-1024-clients-100-veh-73-547,ipi-session-1,multiclient-scalability-run-4,veh-73,547,100-clients,default,stationary,unsynced,true,true,clients,100,count,IPI-CooperativeService,1102,1783019764077719108,1783019699300076215,1783019699300104628,1783019764115447890,37.729,,0.028,64815.343,"CooperativeService{guidedPlanning, status=request, vehicleId=0x7665682d3733, requestedHorizonMs=2500, confidence=100, planning.waypoints=1, offloadTaskId=udp-probe-547, offloadPayload=1024 bytes}"
5g-udp-sender,1783019764357368927,edge4av-real-20260702-multiclient-scalability-run-4,p5g-scale-udp-payload-1024-clients-100,scale,guided-planning,udp,veh-73,veh-73,rsu-1,p5g-scale-udp-payload-1024-clients-100-veh-73-548,ipi-session-1,multiclient-scalability-run-4,veh-73,548,100-clients,default,stationary,unsynced,true,true,clients,100,count,IPI-CooperativeService,1102,1783019764315683962,1783019699540999338,1783019699541021592,1783019764357368927,41.685,,0.022,64816.347,"CooperativeService{guidedPlanning, status=request, vehicleId=0x7665682d3733, requestedHorizonMs=2500, confidence=100, planning.waypoints=1, offloadTaskId=udp-probe-548, offloadPayload=1024 bytes}"
5g-udp-sender,1783019764599629269,edge4av-real-20260702-multiclient-scalability-run-4,p5g-scale-udp-payload-1024-clients-100,scale,guided-planning,udp,veh-73,veh-73,rsu-1,p5g-scale-udp-payload-1024-clients-100-veh-73-549,ipi-session-1,multiclient-scalability-run-4,veh-73,549,100-clients,default,stationary,unsynced,true,true,clients,100,count,IPI-CooperativeService,1102,1783019764557554282,1783019699780925795,1783019699780955615,1783019764599629269,42.075,,0.030,64818.674,"CooperativeService{guidedPlanning, status=request, vehicleId=0x7665682d3733, requestedHorizonMs=2500, confidence=100, planning.waypoints=1, offloadTaskId=udp-probe-549, offloadPayload=1024 bytes}"
5g-udp-sender,1783019764832069962,edge4av-real-20260702-multiclient-scalability-run-4,p5g-scale-udp-payload-1024-clients-100,scale,guided-planning,udp,veh-73,veh-73,rsu-1,p5g-scale-udp-payload-1024-clients-100-veh-73-550,ipi-session-1,multiclient-scalability-run-4,veh-73,550,100-clients,default,stationary,unsynced,true,true,clients,100,count,IPI-CooperativeService,1102,1783019764799795316,1783019700021016421,1783019700021066570,1783019764832069962,32.275,,0.050,64811.003,"CooperativeService{guidedPlanning, status=request, vehicleId=0x7665682d3733, requestedHorizonMs=2500, confidence=100, planning.waypoints=1, offloadTaskId=udp-probe-550, offloadPayload=1024 bytes}"
5g-udp-sender,1783019765065412408,edge4av-real-20260702-multiclient-scalability-run-4,p5g-scale-udp-payload-1024-clients-100,scale,guided-planning,udp,veh-73,veh-73,rsu-1,p5g-scale-udp-payload-1024-clients-100-veh-73-551,ipi-session-1,multiclient-scalability-run-4,veh-73,551,100-clients,default,stationary,unsynced,true,true,clients,100,count,IPI-CooperativeService,1102,1783019765032222519,1783019700252067751,1783019700252094693,1783019765065412408,33.190,,0.027,64813.318,"CooperativeService{guidedPlanning, status=request, vehicleId=0x7665682d3733, requestedHorizonMs=2500, confidence=100, planning.waypoints=1, offloadTaskId=udp-probe-551, offloadPayload=1024 bytes}"
5g-udp-sender,1783019765323070632,edge4av-real-20260702-multiclient-scalability-run-4,p5g-scale-udp-payload-1024-clients-100,scale,guided-planning,udp,veh-73,veh-73,rsu-1,p5g-scale-udp-payload-1024-clients-100-veh-73-552,ipi-session-1,multiclient-scalability-run-4,veh-73,552,100-clients,default,stationary,unsynced,true,true,clients,100,count,IPI-CooperativeService,1102,1783019765265565362,1783019700511772569,1783019700511821685,1783019765323070632,57.505,,0.049,64811.249,"CooperativeService{guidedPlanning, status=request, vehicleId=0x7665682d3733, requestedHorizonMs=2500, confidence=100, planning.waypoints=1, offloadTaskId=udp-probe-552, offloadPayload=1024 bytes}"
5g-udp-sender,1783019765563591557,edge4av-real-20260702-multiclient-scalability-run-4,p5g-scale-udp-payload-1024-clients-100,scale,guided-planning,udp,veh-73,veh-73,rsu-1,p5g-scale-udp-payload-1024-clients-100-veh-73-553,ipi-session-1,multiclient-scalability-run-4,veh-73,553,100-clients,default,stationary,unsynced,true,true,clients,100,count,IPI-CooperativeService,1102,1783019765523225472,1783019700752241931,1783019700752294111,1783019765563591557,40.366,,0.052,64811.297,"CooperativeService{guidedPlanning, status=request, vehicleId=0x7665682d3733, requestedHorizonMs=2500, confidence=100, planning.waypoints=1, offloadTaskId=udp-probe-553, offloadPayload=1024 bytes}"
5g-udp-sender,1783019765863967384,edge4av-real-20260702-multiclient-scalability-run-4,p5g-scale-udp-payload-1024-clients-100,scale,guided-planning,udp,veh-73,veh-73,rsu-1,p5g-scale-udp-payload-1024-clients-100-veh-73-554,ipi-session-1,multiclient-scalability-run-4,veh-73,554,100-clients,default,stationary,unsynced,true,true,clients,100,count,IPI-CooperativeService,1102,1783019765763779821,1783019701052695220,1783019701052748275,1783019765863967384,100.188,,0.053,64811.219,"CooperativeService{guidedPlanning, status=request, vehicleId=0x7665682d3733, requestedHorizonMs=2500, confidence=100, planning.waypoints=1, offloadTaskId=udp-probe-554, offloadPayload=1024 bytes}"
5g-udp-sender,1783019766215636096,edge4av-real-20260702-multiclient-scalability-run-4,p5g-scale-udp-payload-1024-clients-100,scale,guided-planning,udp,veh-73,veh-73,rsu-1,p5g-scale-udp-payload-1024-clients-100-veh-73-555,ipi-session-1,multiclient-scalability-run-4,veh-73,555,100-clients,default,stationary,unsynced,true,true,clients,100,count,IPI-CooperativeService,1102,1783019766064122545,1783019701393722233,1783019701393751738,1783019766215636096,151.514,,0.030,64821.884,"CooperativeService{guidedPlanning, status=request, vehicleId=0x7665682d3733, requestedHorizonMs=2500, confidence=100, planning.waypoints=1, offloadTaskId=udp-probe-555, offloadPayload=1024 bytes}"
5g-udp-sender,1783019766471722795,edge4av-real-20260702-multiclient-scalability-run-4,p5g-scale-udp-payload-1024-clients-100,scale,guided-planning,udp,veh-73,veh-73,rsu-1,p5g-scale-udp-payload-1024-clients-100-veh-73-556,ipi-session-1,multiclient-scalability-run-4,veh-73,556,100-clients,default,stationary,unsynced,true,true,clients,100,count,IPI-CooperativeService,1102,1783019766415789662,1783019701654451026,1783019701654474767,1783019766471722795,55.933,,0.024,64817.248,"CooperativeService{guidedPlanning, status=request, vehicleId=0x7665682d3733, requestedHorizonMs=2500, confidence=100, planning.waypoints=1, offloadTaskId=udp-probe-556, offloadPayload=1024 bytes}"
5g-udp-sender,1783019766781550929,edge4av-real-20260702-multiclient-scalability-run-4,p5g-scale-udp-payload-1024-clients-100,scale,guided-planning,udp,veh-73,veh-73,rsu-1,p5g-scale-udp-payload-1024-clients-100-veh-73-557,ipi-session-1,multiclient-scalability-run-4,veh-73,557,100-clients,default,stationary,unsynced,true,true,clients,100,count,IPI-CooperativeService,1102,1783019766671875775,1783019701964611730,1783019701964639105,1783019766781550929,109.675,,0.027,64816.912,"CooperativeService{guidedPlanning, status=request, vehicleId=0x7665682d3733, requestedHorizonMs=2500, confidence=100, planning.waypoints=1, offloadTaskId=udp-probe-557, offloadPayload=1024 bytes}"
5g-udp-sender,1783019767081575252,edge4av-real-20260702-multiclient-scalability-run-4,p5g-scale-udp-payload-1024-clients-100,scale,guided-planning,udp,veh-73,veh-73,rsu-1,p5g-scale-udp-payload-1024-clients-100-veh-73-558,ipi-session-1,multiclient-scalability-run-4,veh-73,558,100-clients,default,stationary,unsynced,true,true,clients,100,count,IPI-CooperativeService,1102,1783019766981713780,1783019702265115244,1783019702265147207,1783019767081575252,99.861,,0.032,64816.428,"CooperativeService{guidedPlanning, status=request, vehicleId=0x7665682d3733, requestedHorizonMs=2500, confidence=100, planning.waypoints=1, offloadTaskId=udp-probe-558, offloadPayload=1024 bytes}"
5g-udp-sender,1783019767371452073,edge4av-real-20260702-multiclient-scalability-run-4,p5g-scale-udp-payload-1024-clients-100,scale,guided-planning,udp,veh-73,veh-73,rsu-1,p5g-scale-udp-payload-1024-clients-100-veh-73-559,ipi-session-1,multiclient-scalability-run-4,veh-73,559,100-clients,default,stationary,unsynced,true,true,clients,100,count,IPI-CooperativeService,1102,1783019767281729472,1783019702556000078,1783019702556026643,1783019767371452073,89.723,,0.027,64815.425,"CooperativeService{guidedPlanning, status=request, vehicleId=0x7665682d3733, requestedHorizonMs=2500, confidence=100, planning.waypoints=1, offloadTaskId=udp-probe-559, offloadPayload=1024 bytes}"
5g-udp-sender,1783019767689525561,edge4av-real-20260702-multiclient-scalability-run-4,p5g-scale-udp-payload-1024-clients-100,scale,guided-planning,udp,veh-73,veh-73,rsu-1,p5g-scale-udp-payload-1024-clients-100-veh-73-560,ipi-session-1,multiclient-scalability-run-4,veh-73,560,100-clients,default,stationary,unsynced,true,true,clients,100,count,IPI-CooperativeService,1102,1783019767571648910,1783019702875979506,1783019702876029216,1783019767689525561,117.877,,0.050,64813.496,"CooperativeService{guidedPlanning, status=request, vehicleId=0x7665682d3733, requestedHorizonMs=2500, confidence=100, planning.waypoints=1, offloadTaskId=udp-probe-560, offloadPayload=1024 bytes}"
5g-udp-sender,1783019768011419427,edge4av-real-20260702-multiclient-scalability-run-4,p5g-scale-udp-payload-1024-clients-100,scale,guided-planning,udp,veh-73,veh-73,rsu-1,p5g-scale-udp-payload-1024-clients-100-veh-73-561,ipi-session-1,multiclient-scalability-run-4,veh-73,561,100-clients,default,stationary,unsynced,true,true,clients,100,count,IPI-CooperativeService,1102,1783019767889680114,1783019703196751684,1783019703196780678,1783019768011419427,121.739,,0.029,64814.639,"CooperativeService{guidedPlanning, status=request, vehicleId=0x7665682d3733, requestedHorizonMs=2500, confidence=100, planning.waypoints=1, offloadTaskId=udp-probe-561, offloadPayload=1024 bytes}"
5g-udp-sender,1783019768331408905,edge4av-real-20260702-multiclient-scalability-run-4,p5g-scale-udp-payload-1024-clients-100,scale,guided-planning,udp,veh-73,veh-73,rsu-1,p5g-scale-udp-payload-1024-clients-100-veh-73-562,ipi-session-1,multiclient-scalability-run-4,veh-73,562,100-clients,default,stationary,unsynced,true,true,clients,100,count,IPI-CooperativeService,1102,1783019768211573884,1783019703517184655,1783019703517213568,1783019768331408905,119.835,,0.029,64814.195,"CooperativeService{guidedPlanning, status=request, vehicleId=0x7665682d3733, requestedHorizonMs=2500, confidence=100, planning.waypoints=1, offloadTaskId=udp-probe-562, offloadPayload=1024 bytes}"
5g-udp-sender,1783019768661521782,edge4av-real-20260702-multiclient-scalability-run-4,p5g-scale-udp-payload-1024-clients-100,scale,guided-planning,udp,veh-73,veh-73,rsu-1,p5g-scale-udp-payload-1024-clients-100-veh-73-563,ipi-session-1,multiclient-scalability-run-4,veh-73,563,100-clients,default,stationary,unsynced,true,true,clients,100,count,IPI-CooperativeService,1102,1783019768531561581,1783019703847466440,1783019703847530555,1783019768661521782,129.960,,0.064,64813.991,"CooperativeService{guidedPlanning, status=request, vehicleId=0x7665682d3733, requestedHorizonMs=2500, confidence=100, planning.waypoints=1, offloadTaskId=udp-probe-563, offloadPayload=1024 bytes}"
5g-udp-sender,1783019768923397218,edge4av-real-20260702-multiclient-scalability-run-4,p5g-scale-udp-payload-1024-clients-100,scale,guided-planning,udp,veh-73,veh-73,rsu-1,p5g-scale-udp-payload-1024-clients-100-veh-73-564,ipi-session-1,multiclient-scalability-run-4,veh-73,564,100-clients,default,stationary,unsynced,true,true,clients,100,count,IPI-CooperativeService,1102,1783019768861670651,1783019704108094177,1783019704108143841,1783019768923397218,61.727,,0.050,64815.253,"CooperativeService{guidedPlanning, status=request, vehicleId=0x7665682d3733, requestedHorizonMs=2500, confidence=100, planning.waypoints=1, offloadTaskId=udp-probe-564, offloadPayload=1024 bytes}"
5g-udp-sender,1783019769191038616,edge4av-real-20260702-multiclient-scalability-run-4,p5g-scale-udp-payload-1024-clients-100,scale,guided-planning,udp,veh-73,veh-73,rsu-1,p5g-scale-udp-payload-1024-clients-100-veh-73-565,ipi-session-1,multiclient-scalability-run-4,veh-73,565,100-clients,default,stationary,unsynced,true,true,clients,100,count,IPI-CooperativeService,1102,1783019769123543776,1783019704378570831,1783019704378620879,1783019769191038616,67.495,,0.050,64812.418,"CooperativeService{guidedPlanning, status=request, vehicleId=0x7665682d3733, requestedHorizonMs=2500, confidence=100, planning.waypoints=1, offloadTaskId=udp-probe-565, offloadPayload=1024 bytes}"
5g-udp-sender,1783019769443461457,edge4av-real-20260702-multiclient-scalability-run-4,p5g-scale-udp-payload-1024-clients-100,scale,guided-planning,udp,veh-73,veh-73,rsu-1,p5g-scale-udp-payload-1024-clients-100-veh-73-566,ipi-session-1,multiclient-scalability-run-4,veh-73,566,100-clients,default,stationary,unsynced,true,true,clients,100,count,IPI-CooperativeService,1102,1783019769391236029,1783019704629659623,1783019704629682254,1783019769443461457,52.225,,0.023,64813.779,"CooperativeService{guidedPlanning, status=request, vehicleId=0x7665682d3733, requestedHorizonMs=2500, confidence=100, planning.waypoints=1, offloadTaskId=udp-probe-566, offloadPayload=1024 bytes}"
5g-udp-sender,1783019769685721999,edge4av-real-20260702-multiclient-scalability-run-4,p5g-scale-udp-payload-1024-clients-100,scale,guided-planning,udp,veh-73,veh-73,rsu-1,p5g-scale-udp-payload-1024-clients-100-veh-73-567,ipi-session-1,multiclient-scalability-run-4,veh-73,567,100-clients,default,stationary,unsynced,true,true,clients,100,count,IPI-CooperativeService,1102,1783019769643608719,1783019704869981569,1783019704870008937,1783019769685721999,42.113,,0.027,64815.713,"CooperativeService{guidedPlanning, status=request, vehicleId=0x7665682d3733, requestedHorizonMs=2500, confidence=100, planning.waypoints=1, offloadTaskId=udp-probe-567, offloadPayload=1024 bytes}"
5g-udp-sender,1783019769935515258,edge4av-real-20260702-multiclient-scalability-run-4,p5g-scale-udp-payload-1024-clients-100,scale,guided-planning,udp,veh-73,veh-73,rsu-1,p5g-scale-udp-payload-1024-clients-100-veh-73-568,ipi-session-1,multiclient-scalability-run-4,veh-73,568,100-clients,default,stationary,unsynced,true,true,clients,100,count,IPI-CooperativeService,1102,1783019769885866395,1783019705119906755,1783019705119957036,1783019769935515258,49.649,,0.050,64815.558,"CooperativeService{guidedPlanning, status=request, vehicleId=0x7665682d3733, requestedHorizonMs=2500, confidence=100, planning.waypoints=1, offloadTaskId=udp-probe-568, offloadPayload=1024 bytes}"
5g-udp-sender,1783019770175488345,edge4av-real-20260702-multiclient-scalability-run-4,p5g-scale-udp-payload-1024-clients-100,scale,guided-planning,udp,veh-73,veh-73,rsu-1,p5g-scale-udp-payload-1024-clients-100-veh-73-569,ipi-session-1,multiclient-scalability-run-4,veh-73,569,100-clients,default,stationary,unsynced,true,true,clients,100,count,IPI-CooperativeService,1102,1783019770135673164,1783019705360467375,1783019705360496345,1783019770175488345,39.815,,0.029,64814.992,"CooperativeService{guidedPlanning, status=request, vehicleId=0x7665682d3733, requestedHorizonMs=2500, confidence=100, planning.waypoints=1, offloadTaskId=udp-probe-569, offloadPayload=1024 bytes}"
5g-udp-sender,1783019770415502136,edge4av-real-20260702-multiclient-scalability-run-4,p5g-scale-udp-payload-1024-clients-100,scale,guided-planning,udp,veh-73,veh-73,rsu-1,p5g-scale-udp-payload-1024-clients-100-veh-73-570,ipi-session-1,multiclient-scalability-run-4,veh-73,570,100-clients,default,stationary,unsynced,true,true,clients,100,count,IPI-CooperativeService,1102,1783019770375634670,1783019705601242136,1783019705601269817,1783019770415502136,39.867,,0.028,64814.232,"CooperativeService{guidedPlanning, status=request, vehicleId=0x7665682d3733, requestedHorizonMs=2500, confidence=100, planning.waypoints=1, offloadTaskId=udp-probe-570, offloadPayload=1024 bytes}"
5g-udp-sender,1783019770683635066,edge4av-real-20260702-multiclient-scalability-run-4,p5g-scale-udp-payload-1024-clients-100,scale,guided-planning,udp,veh-73,veh-73,rsu-1,p5g-scale-udp-payload-1024-clients-100-veh-73-571,ipi-session-1,multiclient-scalability-run-4,veh-73,571,100-clients,default,stationary,unsynced,true,true,clients,100,count,IPI-CooperativeService,1102,1783019770615663228,1783019705871296888,1783019705871372412,1783019770683635066,67.972,,0.076,64812.263,"CooperativeService{guidedPlanning, status=request, vehicleId=0x7665682d3733, requestedHorizonMs=2500, confidence=100, planning.waypoints=1, offloadTaskId=udp-probe-571, offloadPayload=1024 bytes}"
5g-udp-sender,1783019770937504592,edge4av-real-20260702-multiclient-scalability-run-4,p5g-scale-udp-payload-1024-clients-100,scale,guided-planning,udp,veh-73,veh-73,rsu-1,p5g-scale-udp-payload-1024-clients-100-veh-73-572,ipi-session-1,multiclient-scalability-run-4,veh-73,572,100-clients,default,stationary,unsynced,true,true,clients,100,count,IPI-CooperativeService,1102,1783019770883788158,1783019706121997626,1783019706122019673,1783019770937504592,53.716,,0.022,64815.485,"CooperativeService{guidedPlanning, status=request, vehicleId=0x7665682d3733, requestedHorizonMs=2500, confidence=100, planning.waypoints=1, offloadTaskId=udp-probe-572, offloadPayload=1024 bytes}"
5g-udp-sender,1783019771207558093,edge4av-real-20260702-multiclient-scalability-run-4,p5g-scale-udp-payload-1024-clients-100,scale,guided-planning,udp,veh-73,veh-73,rsu-1,p5g-scale-udp-payload-1024-clients-100-veh-73-573,ipi-session-1,multiclient-scalability-run-4,veh-73,573,100-clients,default,stationary,unsynced,true,true,clients,100,count,IPI-CooperativeService,1102,1783019771137697885,1783019706391952179,1783019706392002402,1783019771207558093,69.860,,0.050,64815.556,"CooperativeService{guidedPlanning, status=request, vehicleId=0x7665682d3733, requestedHorizonMs=2500, confidence=100, planning.waypoints=1, offloadTaskId=udp-probe-573, offloadPayload=1024 bytes}"
5g-udp-sender,1783019771467508256,edge4av-real-20260702-multiclient-scalability-run-4,p5g-scale-udp-payload-1024-clients-100,scale,guided-planning,udp,veh-73,veh-73,rsu-1,p5g-scale-udp-payload-1024-clients-100-veh-73-574,ipi-session-1,multiclient-scalability-run-4,veh-73,574,100-clients,default,stationary,unsynced,true,true,clients,100,count,IPI-CooperativeService,1102,1783019771407745352,1783019706652972809,1783019706652996475,1783019771467508256,59.763,,0.024,64814.512,"CooperativeService{guidedPlanning, status=request, vehicleId=0x7665682d3733, requestedHorizonMs=2500, confidence=100, planning.waypoints=1, offloadTaskId=udp-probe-574, offloadPayload=1024 bytes}"
5g-udp-sender,1783019771711513734,edge4av-real-20260702-multiclient-scalability-run-4,p5g-scale-udp-payload-1024-clients-100,scale,guided-planning,udp,veh-73,veh-73,rsu-1,p5g-scale-udp-payload-1024-clients-100-veh-73-575,ipi-session-1,multiclient-scalability-run-4,veh-73,575,100-clients,default,stationary,unsynced,true,true,clients,100,count,IPI-CooperativeService,1102,1783019771667694052,1783019706893259208,1783019706893287432,1783019771711513734,43.820,,0.028,64818.226,"CooperativeService{guidedPlanning, status=request, vehicleId=0x7665682d3733, requestedHorizonMs=2500, confidence=100, planning.waypoints=1, offloadTaskId=udp-probe-575, offloadPayload=1024 bytes}"
5g-udp-sender,1783019771977568971,edge4av-real-20260702-multiclient-scalability-run-4,p5g-scale-udp-payload-1024-clients-100,scale,guided-planning,udp,veh-73,veh-73,rsu-1,p5g-scale-udp-payload-1024-clients-100-veh-73-576,ipi-session-1,multiclient-scalability-run-4,veh-73,576,100-clients,default,stationary,unsynced,true,true,clients,100,count,IPI-CooperativeService,1102,1783019771911693906,1783019707163714228,1783019707163741175,1783019771977568971,65.875,,0.027,64813.828,"CooperativeService{guidedPlanning, status=request, vehicleId=0x7665682d3733, requestedHorizonMs=2500, confidence=100, planning.waypoints=1, offloadTaskId=udp-probe-576, offloadPayload=1024 bytes}"
5g-udp-sender,1783019772249430384,edge4av-real-20260702-multiclient-scalability-run-4,p5g-scale-udp-payload-1024-clients-100,scale,guided-planning,udp,veh-73,veh-73,rsu-1,p5g-scale-udp-payload-1024-clients-100-veh-73-577,ipi-session-1,multiclient-scalability-run-4,veh-73,577,100-clients,default,stationary,unsynced,true,true,clients,100,count,IPI-CooperativeService,1102,1783019772177738729,1783019707434257255,1783019707434285652,1783019772249430384,71.692,,0.028,64815.145,"CooperativeService{guidedPlanning, status=request, vehicleId=0x7665682d3733, requestedHorizonMs=2500, confidence=100, planning.waypoints=1, offloadTaskId=udp-probe-577, offloadPayload=1024 bytes}"
5g-udp-sender,1783019772519561868,edge4av-real-20260702-multiclient-scalability-run-4,p5g-scale-udp-payload-1024-clients-100,scale,guided-planning,udp,veh-73,veh-73,rsu-1,p5g-scale-udp-payload-1024-clients-100-veh-73-578,ipi-session-1,multiclient-scalability-run-4,veh-73,578,100-clients,default,stationary,unsynced,true,true,clients,100,count,IPI-CooperativeService,1102,1783019772449615136,1783019707704797819,1783019707704822338,1783019772519561868,69.947,,0.025,64814.740,"CooperativeService{guidedPlanning, status=request, vehicleId=0x7665682d3733, requestedHorizonMs=2500, confidence=100, planning.waypoints=1, offloadTaskId=udp-probe-578, offloadPayload=1024 bytes}"
5g-udp-sender,1783019772799650973,edge4av-real-20260702-multiclient-scalability-run-4,p5g-scale-udp-payload-1024-clients-100,scale,guided-planning,udp,veh-73,veh-73,rsu-1,p5g-scale-udp-payload-1024-clients-100-veh-73-579,ipi-session-1,multiclient-scalability-run-4,veh-73,579,100-clients,default,stationary,unsynced,true,true,clients,100,count,IPI-CooperativeService,1102,1783019772719780981,1783019707984819913,1783019707984826935,1783019772799650973,79.870,,0.007,64814.824,"CooperativeService{guidedPlanning, status=request, vehicleId=0x7665682d3733, requestedHorizonMs=2500, confidence=100, planning.waypoints=1, offloadTaskId=udp-probe-579, offloadPayload=1024 bytes}"
5g-udp-sender,1783019773053569852,edge4av-real-20260702-multiclient-scalability-run-4,p5g-scale-udp-payload-1024-clients-100,scale,guided-planning,udp,veh-73,veh-73,rsu-1,p5g-scale-udp-payload-1024-clients-100-veh-73-580,ipi-session-1,multiclient-scalability-run-4,veh-73,580,100-clients,default,stationary,unsynced,true,true,clients,100,count,IPI-CooperativeService,1102,1783019772999843258,1783019708235431248,1783019708235481431,1783019773053569852,53.727,,0.050,64818.088,"CooperativeService{guidedPlanning, status=request, vehicleId=0x7665682d3733, requestedHorizonMs=2500, confidence=100, planning.waypoints=1, offloadTaskId=udp-probe-580, offloadPayload=1024 bytes}"
5g-udp-sender,1783019773291465208,edge4av-real-20260702-multiclient-scalability-run-4,p5g-scale-udp-payload-1024-clients-100,scale,guided-planning,udp,veh-73,veh-73,rsu-1,p5g-scale-udp-payload-1024-clients-100-veh-73-581,ipi-session-1,multiclient-scalability-run-4,veh-73,581,100-clients,default,stationary,unsynced,true,true,clients,100,count,IPI-CooperativeService,1102,1783019773253757417,1783019708475887014,1783019708475914027,1783019773291465208,37.708,,0.027,64815.551,"CooperativeService{guidedPlanning, status=request, vehicleId=0x7665682d3733, requestedHorizonMs=2500, confidence=100, planning.waypoints=1, offloadTaskId=udp-probe-581, offloadPayload=1024 bytes}"
5g-udp-sender,1783019773523568344,edge4av-real-20260702-multiclient-scalability-run-4,p5g-scale-udp-payload-1024-clients-100,scale,guided-planning,udp,veh-73,veh-73,rsu-1,p5g-scale-udp-payload-1024-clients-100-veh-73-582,ipi-session-1,multiclient-scalability-run-4,veh-73,582,100-clients,default,stationary,unsynced,true,true,clients,100,count,IPI-CooperativeService,1102,1783019773491617306,1783019708706455543,1783019708706482750,1783019773523568344,31.951,,0.027,64817.086,"CooperativeService{guidedPlanning, status=request, vehicleId=0x7665682d3733, requestedHorizonMs=2500, confidence=100, planning.waypoints=1, offloadTaskId=udp-probe-582, offloadPayload=1024 bytes}"
5g-udp-sender,1783019773783524329,edge4av-real-20260702-multiclient-scalability-run-4,p5g-scale-udp-payload-1024-clients-100,scale,guided-planning,udp,veh-73,veh-73,rsu-1,p5g-scale-udp-payload-1024-clients-100-veh-73-583,ipi-session-1,multiclient-scalability-run-4,veh-73,583,100-clients,default,stationary,unsynced,true,true,clients,100,count,IPI-CooperativeService,1102,1783019773723720142,1783019708967008491,1783019708967033260,1783019773783524329,59.804,,0.025,64816.491,"CooperativeService{guidedPlanning, status=request, vehicleId=0x7665682d3733, requestedHorizonMs=2500, confidence=100, planning.waypoints=1, offloadTaskId=udp-probe-583, offloadPayload=1024 bytes}"
5g-udp-sender,1783019774045567075,edge4av-real-20260702-multiclient-scalability-run-4,p5g-scale-udp-payload-1024-clients-100,scale,guided-planning,udp,veh-73,veh-73,rsu-1,p5g-scale-udp-payload-1024-clients-100-veh-73-584,ipi-session-1,multiclient-scalability-run-4,veh-73,584,100-clients,default,stationary,unsynced,true,true,clients,100,count,IPI-CooperativeService,1102,1783019773983711671,1783019709227389889,1783019709227411953,1783019774045567075,61.855,,0.022,64818.155,"CooperativeService{guidedPlanning, status=request, vehicleId=0x7665682d3733, requestedHorizonMs=2500, confidence=100, planning.waypoints=1, offloadTaskId=udp-probe-584, offloadPayload=1024 bytes}"
5g-udp-sender,1783019774283450811,edge4av-real-20260702-multiclient-scalability-run-4,p5g-scale-udp-payload-1024-clients-100,scale,guided-planning,udp,veh-73,veh-73,rsu-1,p5g-scale-udp-payload-1024-clients-100-veh-73-585,ipi-session-1,multiclient-scalability-run-4,veh-73,585,100-clients,default,stationary,unsynced,true,true,clients,100,count,IPI-CooperativeService,1102,1783019774245807703,1783019709467611356,1783019709467634406,1783019774283450811,37.643,,0.023,64815.816,"CooperativeService{guidedPlanning, status=request, vehicleId=0x7665682d3733, requestedHorizonMs=2500, confidence=100, planning.waypoints=1, offloadTaskId=udp-probe-585, offloadPayload=1024 bytes}"
5g-udp-sender,1783019774523439295,edge4av-real-20260702-multiclient-scalability-run-4,p5g-scale-udp-payload-1024-clients-100,scale,guided-planning,udp,veh-73,veh-73,rsu-1,p5g-scale-udp-payload-1024-clients-100-veh-73-586,ipi-session-1,multiclient-scalability-run-4,veh-73,586,100-clients,default,stationary,unsynced,true,true,clients,100,count,IPI-CooperativeService,1102,1783019774483641055,1783019709708091428,1783019709708114343,1783019774523439295,39.798,,0.023,64815.325,"CooperativeService{guidedPlanning, status=request, vehicleId=0x7665682d3733, requestedHorizonMs=2500, confidence=100, planning.waypoints=1, offloadTaskId=udp-probe-586, offloadPayload=1024 bytes}"
5g-udp-sender,1783019774760958131,edge4av-real-20260702-multiclient-scalability-run-4,p5g-scale-udp-payload-1024-clients-100,scale,guided-planning,udp,veh-73,veh-73,rsu-1,p5g-scale-udp-payload-1024-clients-100-veh-73-587,ipi-session-1,multiclient-scalability-run-4,veh-73,587,100-clients,default,stationary,unsynced,true,true,clients,100,count,IPI-CooperativeService,1102,1783019774723628060,1783019709948058258,1783019709948108907,1783019774760958131,37.330,,0.051,64812.849,"CooperativeService{guidedPlanning, status=request, vehicleId=0x7665682d3733, requestedHorizonMs=2500, confidence=100, planning.waypoints=1, offloadTaskId=udp-probe-587, offloadPayload=1024 bytes}"
5g-udp-sender,1783019775011463562,edge4av-real-20260702-multiclient-scalability-run-4,p5g-scale-udp-payload-1024-clients-100,scale,guided-planning,udp,veh-73,veh-73,rsu-1,p5g-scale-udp-payload-1024-clients-100-veh-73-588,ipi-session-1,multiclient-scalability-run-4,veh-73,588,100-clients,default,stationary,unsynced,true,true,clients,100,count,IPI-CooperativeService,1102,1783019774961110408,1783019710199025644,1783019710199048863,1783019775011463562,50.353,,0.023,64812.415,"CooperativeService{guidedPlanning, status=request, vehicleId=0x7665682d3733, requestedHorizonMs=2500, confidence=100, planning.waypoints=1, offloadTaskId=udp-probe-588, offloadPayload=1024 bytes}"
5g-udp-sender,1783019775275598569,edge4av-real-20260702-multiclient-scalability-run-4,p5g-scale-udp-payload-1024-clients-100,scale,guided-planning,udp,veh-73,veh-73,rsu-1,p5g-scale-udp-payload-1024-clients-100-veh-73-589,ipi-session-1,multiclient-scalability-run-4,veh-73,589,100-clients,default,stationary,unsynced,true,true,clients,100,count,IPI-CooperativeService,1102,1783019775211655750,1783019710459374856,1783019710459398083,1783019775275598569,63.943,,0.023,64816.200,"CooperativeService{guidedPlanning, status=request, vehicleId=0x7665682d3733, requestedHorizonMs=2500, confidence=100, planning.waypoints=1, offloadTaskId=udp-probe-589, offloadPayload=1024 bytes}"
5g-udp-sender,1783019775539037926,edge4av-real-20260702-multiclient-scalability-run-4,p5g-scale-udp-payload-1024-clients-100,scale,guided-planning,udp,veh-73,veh-73,rsu-1,p5g-scale-udp-payload-1024-clients-100-veh-73-590,ipi-session-1,multiclient-scalability-run-4,veh-73,590,100-clients,default,stationary,unsynced,true,true,clients,100,count,IPI-CooperativeService,1102,1783019775475791126,1783019710719259963,1783019710719309520,1783019775539037926,63.247,,0.050,64819.728,"CooperativeService{guidedPlanning, status=request, vehicleId=0x7665682d3733, requestedHorizonMs=2500, confidence=100, planning.waypoints=1, offloadTaskId=udp-probe-590, offloadPayload=1024 bytes}"
5g-udp-sender,1783019775787599228,edge4av-real-20260702-multiclient-scalability-run-4,p5g-scale-udp-payload-1024-clients-100,scale,guided-planning,udp,veh-73,veh-73,rsu-1,p5g-scale-udp-payload-1024-clients-100-veh-73-591,ipi-session-1,multiclient-scalability-run-4,veh-73,591,100-clients,default,stationary,unsynced,true,true,clients,100,count,IPI-CooperativeService,1102,1783019775739237530,1783019710970066457,1783019710970093314,1783019775787599228,48.362,,0.027,64817.506,"CooperativeService{guidedPlanning, status=request, vehicleId=0x7665682d3733, requestedHorizonMs=2500, confidence=100, planning.waypoints=1, offloadTaskId=udp-probe-591, offloadPayload=1024 bytes}"
5g-udp-sender,1783019776043503792,edge4av-real-20260702-multiclient-scalability-run-4,p5g-scale-udp-payload-1024-clients-100,scale,guided-planning,udp,veh-73,veh-73,rsu-1,p5g-scale-udp-payload-1024-clients-100-veh-73-592,ipi-session-1,multiclient-scalability-run-4,veh-73,592,100-clients,default,stationary,unsynced,true,true,clients,100,count,IPI-CooperativeService,1102,1783019775987752212,1783019711230265400,1783019711230315191,1783019776043503792,55.752,,0.050,64813.189,"CooperativeService{guidedPlanning, status=request, vehicleId=0x7665682d3733, requestedHorizonMs=2500, confidence=100, planning.waypoints=1, offloadTaskId=udp-probe-592, offloadPayload=1024 bytes}"
5g-udp-sender,1783019776289449795,edge4av-real-20260702-multiclient-scalability-run-4,p5g-scale-udp-payload-1024-clients-100,scale,guided-planning,udp,veh-73,veh-73,rsu-1,p5g-scale-udp-payload-1024-clients-100-veh-73-593,ipi-session-1,multiclient-scalability-run-4,veh-73,593,100-clients,default,stationary,unsynced,true,true,clients,100,count,IPI-CooperativeService,1102,1783019776243656865,1783019711470709079,1783019711470759598,1783019776289449795,45.793,,0.051,64818.690,"CooperativeService{guidedPlanning, status=request, vehicleId=0x7665682d3733, requestedHorizonMs=2500, confidence=100, planning.waypoints=1, offloadTaskId=udp-probe-593, offloadPayload=1024 bytes}"
5g-udp-sender,1783019776547469921,edge4av-real-20260702-multiclient-scalability-run-4,p5g-scale-udp-payload-1024-clients-100,scale,guided-planning,udp,veh-73,veh-73,rsu-1,p5g-scale-udp-payload-1024-clients-100-veh-73-594,ipi-session-1,multiclient-scalability-run-4,veh-73,594,100-clients,default,stationary,unsynced,true,true,clients,100,count,IPI-CooperativeService,1102,1783019776489604102,1783019711731428341,1783019711731451576,1783019776547469921,57.866,,0.023,64816.018,"CooperativeService{guidedPlanning, status=request, vehicleId=0x7665682d3733, requestedHorizonMs=2500, confidence=100, planning.waypoints=1, offloadTaskId=udp-probe-594, offloadPayload=1024 bytes}"
5g-udp-sender,1783019776795689800,edge4av-real-20260702-multiclient-scalability-run-4,p5g-scale-udp-payload-1024-clients-100,scale,guided-planning,udp,veh-73,veh-73,rsu-1,p5g-scale-udp-payload-1024-clients-100-veh-73-595,ipi-session-1,multiclient-scalability-run-4,veh-73,595,100-clients,default,stationary,unsynced,true,true,clients,100,count,IPI-CooperativeService,1102,1783019776747614802,1783019711981355597,1783019711981405204,1783019776795689800,48.075,,0.050,64814.285,"CooperativeService{guidedPlanning, status=request, vehicleId=0x7665682d3733, requestedHorizonMs=2500, confidence=100, planning.waypoints=1, offloadTaskId=udp-probe-595, offloadPayload=1024 bytes}"
5g-udp-sender,1783019777061572069,edge4av-real-20260702-multiclient-scalability-run-4,p5g-scale-udp-payload-1024-clients-100,scale,guided-planning,udp,veh-73,veh-73,rsu-1,p5g-scale-udp-payload-1024-clients-100-veh-73-596,ipi-session-1,multiclient-scalability-run-4,veh-73,596,100-clients,default,stationary,unsynced,true,true,clients,100,count,IPI-CooperativeService,1102,1783019776995855020,1783019712242014653,1783019712242042445,1783019777061572069,65.717,,0.028,64819.530,"CooperativeService{guidedPlanning, status=request, vehicleId=0x7665682d3733, requestedHorizonMs=2500, confidence=100, planning.waypoints=1, offloadTaskId=udp-probe-596, offloadPayload=1024 bytes}"
5g-udp-sender,1783019777315560210,edge4av-real-20260702-multiclient-scalability-run-4,p5g-scale-udp-payload-1024-clients-100,scale,guided-planning,udp,veh-73,veh-73,rsu-1,p5g-scale-udp-payload-1024-clients-100-veh-73-597,ipi-session-1,multiclient-scalability-run-4,veh-73,597,100-clients,default,stationary,unsynced,true,true,clients,100,count,IPI-CooperativeService,1102,1783019777261767006,1783019712492501658,1783019712492528816,1783019777315560210,53.793,,0.027,64823.031,"CooperativeService{guidedPlanning, status=request, vehicleId=0x7665682d3733, requestedHorizonMs=2500, confidence=100, planning.waypoints=1, offloadTaskId=udp-probe-597, offloadPayload=1024 bytes}"
5g-udp-sender,1783019777549604926,edge4av-real-20260702-multiclient-scalability-run-4,p5g-scale-udp-payload-1024-clients-100,scale,guided-planning,udp,veh-73,veh-73,rsu-1,p5g-scale-udp-payload-1024-clients-100-veh-73-598,ipi-session-1,multiclient-scalability-run-4,veh-73,598,100-clients,default,stationary,unsynced,true,true,clients,100,count,IPI-CooperativeService,1102,1783019777515727150,1783019712733059911,1783019712733113029,1783019777549604926,33.878,,0.053,64816.492,"CooperativeService{guidedPlanning, status=request, vehicleId=0x7665682d3733, requestedHorizonMs=2500, confidence=100, planning.waypoints=1, offloadTaskId=udp-probe-598, offloadPayload=1024 bytes}"
5g-udp-sender,1783019777785547349,edge4av-real-20260702-multiclient-scalability-run-4,p5g-scale-udp-payload-1024-clients-100,scale,guided-planning,udp,veh-73,veh-73,rsu-1,p5g-scale-udp-payload-1024-clients-100-veh-73-599,ipi-session-1,multiclient-scalability-run-4,veh-73,599,100-clients,default,stationary,unsynced,true,true,clients,100,count,IPI-CooperativeService,1102,1783019777749756552,1783019712963773078,1783019712963794997,1783019777785547349,35.791,,0.022,64821.752,"CooperativeService{guidedPlanning, status=request, vehicleId=0x7665682d3733, requestedHorizonMs=2500, confidence=100, planning.waypoints=1, offloadTaskId=udp-probe-599, offloadPayload=1024 bytes}"
5g-udp-sender,1783019778027467571,edge4av-real-20260702-multiclient-scalability-run-4,p5g-scale-udp-payload-1024-clients-100,scale,guided-planning,udp,veh-73,veh-73,rsu-1,p5g-scale-udp-payload-1024-clients-100-veh-73-600,ipi-session-1,multiclient-scalability-run-4,veh-73,600,100-clients,default,stationary,unsynced,true,true,clients,100,count,IPI-CooperativeService,1102,1783019777985700092,1783019713213426175,1783019713213476951,1783019778027467571,41.767,,0.051,64813.991,"CooperativeService{guidedPlanning, status=request, vehicleId=0x7665682d3733, requestedHorizonMs=2500, confidence=100, planning.waypoints=1, offloadTaskId=udp-probe-600, offloadPayload=1024 bytes}"
5g-udp-sender,1783019778271480646,edge4av-real-20260702-multiclient-scalability-run-4,p5g-scale-udp-payload-1024-clients-100,scale,guided-planning,udp,veh-73,veh-73,rsu-1,p5g-scale-udp-payload-1024-clients-100-veh-73-601,ipi-session-1,multiclient-scalability-run-4,veh-73,601,100-clients,default,stationary,unsynced,true,true,clients,100,count,IPI-CooperativeService,1102,1783019778227616101,1783019713454264655,1783019713454291139,1783019778271480646,43.865,,0.026,64817.190,"CooperativeService{guidedPlanning, status=request, vehicleId=0x7665682d3733, requestedHorizonMs=2500, confidence=100, planning.waypoints=1, offloadTaskId=udp-probe-601, offloadPayload=1024 bytes}"
5g-udp-sender,1783019778527042101,edge4av-real-20260702-multiclient-scalability-run-4,p5g-scale-udp-payload-1024-clients-100,scale,guided-planning,udp,veh-73,veh-73,rsu-1,p5g-scale-udp-payload-1024-clients-100-veh-73-602,ipi-session-1,multiclient-scalability-run-4,veh-73,602,100-clients,default,stationary,unsynced,true,true,clients,100,count,IPI-CooperativeService,1102,1783019778471646576,1783019713714447658,1783019713714497187,1783019778527042101,55.396,,0.050,64812.545,"CooperativeService{guidedPlanning, status=request, vehicleId=0x7665682d3733, requestedHorizonMs=2500, confidence=100, planning.waypoints=1, offloadTaskId=udp-probe-602, offloadPayload=1024 bytes}"
5g-udp-sender,1783019778767554067,edge4av-real-20260702-multiclient-scalability-run-4,p5g-scale-udp-payload-1024-clients-100,scale,guided-planning,udp,veh-73,veh-73,rsu-1,p5g-scale-udp-payload-1024-clients-100-veh-73-603,ipi-session-1,multiclient-scalability-run-4,veh-73,603,100-clients,default,stationary,unsynced,true,true,clients,100,count,IPI-CooperativeService,1102,1783019778727235498,1783019713954822046,1783019713954871787,1783019778767554067,40.319,,0.050,64812.682,"CooperativeService{guidedPlanning, status=request, vehicleId=0x7665682d3733, requestedHorizonMs=2500, confidence=100, planning.waypoints=1, offloadTaskId=udp-probe-603, offloadPayload=1024 bytes}"
5g-udp-sender,1783019779003536961,edge4av-real-20260702-multiclient-scalability-run-4,p5g-scale-udp-payload-1024-clients-100,scale,guided-planning,udp,veh-73,veh-73,rsu-1,p5g-scale-udp-payload-1024-clients-100-veh-73-604,ipi-session-1,multiclient-scalability-run-4,veh-73,604,100-clients,default,stationary,unsynced,true,true,clients,100,count,IPI-CooperativeService,1102,1783019778967702934,1783019714185835260,1783019714185857911,1783019779003536961,35.834,,0.023,64817.679,"CooperativeService{guidedPlanning, status=request, vehicleId=0x7665682d3733, requestedHorizonMs=2500, confidence=100, planning.waypoints=1, offloadTaskId=udp-probe-604, offloadPayload=1024 bytes}"
5g-udp-sender,1783019779245604320,edge4av-real-20260702-multiclient-scalability-run-4,p5g-scale-udp-payload-1024-clients-100,scale,guided-planning,udp,veh-73,veh-73,rsu-1,p5g-scale-udp-payload-1024-clients-100-veh-73-605,ipi-session-1,multiclient-scalability-run-4,veh-73,605,100-clients,default,stationary,unsynced,true,true,clients,100,count,IPI-CooperativeService,1102,1783019779203692390,1783019714426335064,1783019714426357427,1783019779245604320,41.912,,0.022,64819.247,"CooperativeService{guidedPlanning, status=request, vehicleId=0x7665682d3733, requestedHorizonMs=2500, confidence=100, planning.waypoints=1, offloadTaskId=udp-probe-605, offloadPayload=1024 bytes}"
5g-udp-sender,1783019779489459584,edge4av-real-20260702-multiclient-scalability-run-4,p5g-scale-udp-payload-1024-clients-100,scale,guided-planning,udp,veh-73,veh-73,rsu-1,p5g-scale-udp-payload-1024-clients-100-veh-73-606,ipi-session-1,multiclient-scalability-run-4,veh-73,606,100-clients,default,stationary,unsynced,true,true,clients,100,count,IPI-CooperativeService,1102,1783019779445752043,1783019714676295502,1783019714676321004,1783019779489459584,43.708,,0.026,64813.139,"CooperativeService{guidedPlanning, status=request, vehicleId=0x7665682d3733, requestedHorizonMs=2500, confidence=100, planning.waypoints=1, offloadTaskId=udp-probe-606, offloadPayload=1024 bytes}"
5g-udp-sender,1783019779731532666,edge4av-real-20260702-multiclient-scalability-run-4,p5g-scale-udp-payload-1024-clients-100,scale,guided-planning,udp,veh-73,veh-73,rsu-1,p5g-scale-udp-payload-1024-clients-100-veh-73-607,ipi-session-1,multiclient-scalability-run-4,veh-73,607,100-clients,default,stationary,unsynced,true,true,clients,100,count,IPI-CooperativeService,1102,1783019779689607129,1783019714916910048,1783019714916933641,1783019779731532666,41.926,,0.024,64814.599,"CooperativeService{guidedPlanning, status=request, vehicleId=0x7665682d3733, requestedHorizonMs=2500, confidence=100, planning.waypoints=1, offloadTaskId=udp-probe-607, offloadPayload=1024 bytes}"
5g-udp-sender,1783019779969584212,edge4av-real-20260702-multiclient-scalability-run-4,p5g-scale-udp-payload-1024-clients-100,scale,guided-planning,udp,veh-73,veh-73,rsu-1,p5g-scale-udp-payload-1024-clients-100-veh-73-608,ipi-session-1,multiclient-scalability-run-4,veh-73,608,100-clients,default,stationary,unsynced,true,true,clients,100,count,IPI-CooperativeService,1102,1783019779931681369,1783019715156644186,1783019715156731609,1783019779969584212,37.903,,0.087,64812.853,"CooperativeService{guidedPlanning, status=request, vehicleId=0x7665682d3733, requestedHorizonMs=2500, confidence=100, planning.waypoints=1, offloadTaskId=udp-probe-608, offloadPayload=1024 bytes}"
5g-udp-sender,1783019780203463105,edge4av-real-20260702-multiclient-scalability-run-4,p5g-scale-udp-payload-1024-clients-100,scale,guided-planning,udp,veh-73,veh-73,rsu-1,p5g-scale-udp-payload-1024-clients-100-veh-73-609,ipi-session-1,multiclient-scalability-run-4,veh-73,609,100-clients,default,stationary,unsynced,true,true,clients,100,count,IPI-CooperativeService,1102,1783019780169780121,1783019715387696203,1783019715387720711,1783019780203463105,33.683,,0.025,64815.742,"CooperativeService{guidedPlanning, status=request, vehicleId=0x7665682d3733, requestedHorizonMs=2500, confidence=100, planning.waypoints=1, offloadTaskId=udp-probe-609, offloadPayload=1024 bytes}"
5g-udp-sender,1783019780431743919,edge4av-real-20260702-multiclient-scalability-run-4,p5g-scale-udp-payload-1024-clients-100,scale,guided-planning,udp,veh-73,veh-73,rsu-1,p5g-scale-udp-payload-1024-clients-100-veh-73-610,ipi-session-1,multiclient-scalability-run-4,veh-73,610,100-clients,default,stationary,unsynced,true,true,clients,100,count,IPI-CooperativeService,1102,1783019780403616720,1783019715618117757,1783019715618140297,1783019780431743919,28.127,,0.023,64813.604,"CooperativeService{guidedPlanning, status=request, vehicleId=0x7665682d3733, requestedHorizonMs=2500, confidence=100, planning.waypoints=1, offloadTaskId=udp-probe-610, offloadPayload=1024 bytes}"
5g-udp-sender,1783019780677478452,edge4av-real-20260702-multiclient-scalability-run-4,p5g-scale-udp-payload-1024-clients-100,scale,guided-planning,udp,veh-73,veh-73,rsu-1,p5g-scale-udp-payload-1024-clients-100-veh-73-611,ipi-session-1,multiclient-scalability-run-4,veh-73,611,100-clients,default,stationary,unsynced,true,true,clients,100,count,IPI-CooperativeService,1102,1783019780631892755,1783019715858508633,1783019715858533226,1783019780677478452,45.586,,0.025,64818.945,"CooperativeService{guidedPlanning, status=request, vehicleId=0x7665682d3733, requestedHorizonMs=2500, confidence=100, planning.waypoints=1, offloadTaskId=udp-probe-611, offloadPayload=1024 bytes}"
5g-udp-sender,1783019780911512150,edge4av-real-20260702-multiclient-scalability-run-4,p5g-scale-udp-payload-1024-clients-100,scale,guided-planning,udp,veh-73,veh-73,rsu-1,p5g-scale-udp-payload-1024-clients-100-veh-73-612,ipi-session-1,multiclient-scalability-run-4,veh-73,612,100-clients,default,stationary,unsynced,true,true,clients,100,count,IPI-CooperativeService,1102,1783019780877633225,1783019716098888625,1783019716098911858,1783019780911512150,33.879,,0.023,64812.600,"CooperativeService{guidedPlanning, status=request, vehicleId=0x7665682d3733, requestedHorizonMs=2500, confidence=100, planning.waypoints=1, offloadTaskId=udp-probe-612, offloadPayload=1024 bytes}"
5g-udp-sender,1783019781163597979,edge4av-real-20260702-multiclient-scalability-run-4,p5g-scale-udp-payload-1024-clients-100,scale,guided-planning,udp,veh-73,veh-73,rsu-1,p5g-scale-udp-payload-1024-clients-100-veh-73-613,ipi-session-1,multiclient-scalability-run-4,veh-73,613,100-clients,default,stationary,unsynced,true,true,clients,100,count,IPI-CooperativeService,1102,1783019781111665619,1783019716348843231,1783019716348895600,1783019781163597979,51.932,,0.052,64814.702,"CooperativeService{guidedPlanning, status=request, vehicleId=0x7665682d3733, requestedHorizonMs=2500, confidence=100, planning.waypoints=1, offloadTaskId=udp-probe-613, offloadPayload=1024 bytes}"
5g-udp-sender,1783019781397774831,edge4av-real-20260702-multiclient-scalability-run-4,p5g-scale-udp-payload-1024-clients-100,scale,guided-planning,udp,veh-73,veh-73,rsu-1,p5g-scale-udp-payload-1024-clients-100-veh-73-614,ipi-session-1,multiclient-scalability-run-4,veh-73,614,100-clients,default,stationary,unsynced,true,true,clients,100,count,IPI-CooperativeService,1102,1783019781363773318,1783019716579670348,1783019716579694213,1783019781397774831,34.002,,0.024,64818.081,"CooperativeService{guidedPlanning, status=request, vehicleId=0x7665682d3733, requestedHorizonMs=2500, confidence=100, planning.waypoints=1, offloadTaskId=udp-probe-614, offloadPayload=1024 bytes}"
5g-udp-sender,1783019781635533150,edge4av-real-20260702-multiclient-scalability-run-4,p5g-scale-udp-payload-1024-clients-100,scale,guided-planning,udp,veh-73,veh-73,rsu-1,p5g-scale-udp-payload-1024-clients-100-veh-73-615,ipi-session-1,multiclient-scalability-run-4,veh-73,615,100-clients,default,stationary,unsynced,true,true,clients,100,count,IPI-CooperativeService,1102,1783019781597995084,1783019716820192765,1783019716820214819,1783019781635533150,37.538,,0.022,64815.318,"CooperativeService{guidedPlanning, status=request, vehicleId=0x7665682d3733, requestedHorizonMs=2500, confidence=100, planning.waypoints=1, offloadTaskId=udp-probe-615, offloadPayload=1024 bytes}"
5g-udp-sender,1783019781899639164,edge4av-real-20260702-multiclient-scalability-run-4,p5g-scale-udp-payload-1024-clients-100,scale,guided-planning,udp,veh-73,veh-73,rsu-1,p5g-scale-udp-payload-1024-clients-100-veh-73-616,ipi-session-1,multiclient-scalability-run-4,veh-73,616,100-clients,default,stationary,unsynced,true,true,clients,100,count,IPI-CooperativeService,1102,1783019781835704695,1783019717080498697,1783019717080523837,1783019781899639164,63.934,,0.025,64819.115,"CooperativeService{guidedPlanning, status=request, vehicleId=0x7665682d3733, requestedHorizonMs=2500, confidence=100, planning.waypoints=1, offloadTaskId=udp-probe-616, offloadPayload=1024 bytes}"
5g-udp-sender,1783019782135598688,edge4av-real-20260702-multiclient-scalability-run-4,p5g-scale-udp-payload-1024-clients-100,scale,guided-planning,udp,veh-73,veh-73,rsu-1,p5g-scale-udp-payload-1024-clients-100-veh-73-617,ipi-session-1,multiclient-scalability-run-4,veh-73,617,100-clients,default,stationary,unsynced,true,true,clients,100,count,IPI-CooperativeService,1102,1783019782099818929,1783019717321167044,1783019717321190833,1783019782135598688,35.780,,0.024,64814.408,"CooperativeService{guidedPlanning, status=request, vehicleId=0x7665682d3733, requestedHorizonMs=2500, confidence=100, planning.waypoints=1, offloadTaskId=udp-probe-617, offloadPayload=1024 bytes}"
5g-udp-sender,1783019782369634543,edge4av-real-20260702-multiclient-scalability-run-4,p5g-scale-udp-payload-1024-clients-100,scale,guided-planning,udp,veh-73,veh-73,rsu-1,p5g-scale-udp-payload-1024-clients-100-veh-73-618,ipi-session-1,multiclient-scalability-run-4,veh-73,618,100-clients,default,stationary,unsynced,true,true,clients,100,count,IPI-CooperativeService,1102,1783019782335792684,1783019717551363732,1783019717551387002,1783019782369634543,33.842,,0.023,64818.248,"CooperativeService{guidedPlanning, status=request, vehicleId=0x7665682d3733, requestedHorizonMs=2500, confidence=100, planning.waypoints=1, offloadTaskId=udp-probe-618, offloadPayload=1024 bytes}"
5g-udp-sender,1783019782595651835,edge4av-real-20260702-multiclient-scalability-run-4,p5g-scale-udp-payload-1024-clients-100,scale,guided-planning,udp,veh-73,veh-73,rsu-1,p5g-scale-udp-payload-1024-clients-100-veh-73-619,ipi-session-1,multiclient-scalability-run-4,veh-73,619,100-clients,default,stationary,unsynced,true,true,clients,100,count,IPI-CooperativeService,1102,1783019782569821234,1783019717781785385,1783019717781815673,1783019782595651835,25.831,,0.030,64813.836,"CooperativeService{guidedPlanning, status=request, vehicleId=0x7665682d3733, requestedHorizonMs=2500, confidence=100, planning.waypoints=1, offloadTaskId=udp-probe-619, offloadPayload=1024 bytes}"
5g-udp-sender,1783019782853619481,edge4av-real-20260702-multiclient-scalability-run-4,p5g-scale-udp-payload-1024-clients-100,scale,guided-planning,udp,veh-73,veh-73,rsu-1,p5g-scale-udp-payload-1024-clients-100-veh-73-620,ipi-session-1,multiclient-scalability-run-4,veh-73,620,100-clients,default,stationary,unsynced,true,true,clients,100,count,IPI-CooperativeService,1102,1783019782795839937,1783019718041500774,1783019718041550768,1783019782853619481,57.780,,0.050,64812.069,"CooperativeService{guidedPlanning, status=request, vehicleId=0x7665682d3733, requestedHorizonMs=2500, confidence=100, planning.waypoints=1, offloadTaskId=udp-probe-620, offloadPayload=1024 bytes}"
5g-udp-sender,1783019783167487295,edge4av-real-20260702-multiclient-scalability-run-4,p5g-scale-udp-payload-1024-clients-100,scale,guided-planning,udp,veh-73,veh-73,rsu-1,p5g-scale-udp-payload-1024-clients-100-veh-73-621,ipi-session-1,multiclient-scalability-run-4,veh-73,621,100-clients,default,stationary,unsynced,true,true,clients,100,count,IPI-CooperativeService,1102,1783019783053817057,1783019718352486478,1783019718352520848,1783019783167487295,113.670,,0.034,64814.966,"CooperativeService{guidedPlanning, status=request, vehicleId=0x7665682d3733, requestedHorizonMs=2500, confidence=100, planning.waypoints=1, offloadTaskId=udp-probe-621, offloadPayload=1024 bytes}"
5g-udp-sender,1783019783437573624,edge4av-real-20260702-multiclient-scalability-run-4,p5g-scale-udp-payload-1024-clients-100,scale,guided-planning,udp,veh-73,veh-73,rsu-1,p5g-scale-udp-payload-1024-clients-100-veh-73-622,ipi-session-1,multiclient-scalability-run-4,veh-73,622,100-clients,default,stationary,unsynced,true,true,clients,100,count,IPI-CooperativeService,1102,1783019783367639339,1783019718622773733,1783019718622798978,1783019783437573624,69.934,,0.025,64814.775,"CooperativeService{guidedPlanning, status=request, vehicleId=0x7665682d3733, requestedHorizonMs=2500, confidence=100, planning.waypoints=1, offloadTaskId=udp-probe-622, offloadPayload=1024 bytes}"
5g-udp-sender,1783019783719573393,edge4av-real-20260702-multiclient-scalability-run-4,p5g-scale-udp-payload-1024-clients-100,scale,guided-planning,udp,veh-73,veh-73,rsu-1,p5g-scale-udp-payload-1024-clients-100-veh-73-623,ipi-session-1,multiclient-scalability-run-4,veh-73,623,100-clients,default,stationary,unsynced,true,true,clients,100,count,IPI-CooperativeService,1102,1783019783637727398,1783019718902885848,1783019718902936824,1783019783719573393,81.846,,0.051,64816.637,"CooperativeService{guidedPlanning, status=request, vehicleId=0x7665682d3733, requestedHorizonMs=2500, confidence=100, planning.waypoints=1, offloadTaskId=udp-probe-623, offloadPayload=1024 bytes}"
5g-udp-sender,1783019784005781306,edge4av-real-20260702-multiclient-scalability-run-4,p5g-scale-udp-payload-1024-clients-100,scale,guided-planning,udp,veh-73,veh-73,rsu-1,p5g-scale-udp-payload-1024-clients-100-veh-73-624,ipi-session-1,multiclient-scalability-run-4,veh-73,624,100-clients,default,stationary,unsynced,true,true,clients,100,count,IPI-CooperativeService,1102,1783019783919726748,1783019719183905367,1783019719183929160,1783019784005781306,86.055,,0.024,64821.852,"CooperativeService{guidedPlanning, status=request, vehicleId=0x7665682d3733, requestedHorizonMs=2500, confidence=100, planning.waypoints=1, offloadTaskId=udp-probe-624, offloadPayload=1024 bytes}"
5g-udp-sender,1783019784321556023,edge4av-real-20260702-multiclient-scalability-run-4,p5g-scale-udp-payload-1024-clients-100,scale,guided-planning,udp,veh-73,veh-73,rsu-1,p5g-scale-udp-payload-1024-clients-100-veh-73-625,ipi-session-1,multiclient-scalability-run-4,veh-73,625,100-clients,default,stationary,unsynced,true,true,clients,100,count,IPI-CooperativeService,1102,1783019784205946854,1783019719503985560,1783019719504034233,1783019784321556023,115.609,,0.049,64817.522,"CooperativeService{guidedPlanning, status=request, vehicleId=0x7665682d3733, requestedHorizonMs=2500, confidence=100, planning.waypoints=1, offloadTaskId=udp-probe-625, offloadPayload=1024 bytes}"
5g-udp-sender,1783019784621573667,edge4av-real-20260702-multiclient-scalability-run-4,p5g-scale-udp-payload-1024-clients-100,scale,guided-planning,udp,veh-73,veh-73,rsu-1,p5g-scale-udp-payload-1024-clients-100-veh-73-626,ipi-session-1,multiclient-scalability-run-4,veh-73,626,100-clients,default,stationary,unsynced,true,true,clients,100,count,IPI-CooperativeService,1102,1783019784521710568,1783019719805088973,1783019719805114481,1783019784621573667,99.863,,0.026,64816.459,"CooperativeService{guidedPlanning, status=request, vehicleId=0x7665682d3733, requestedHorizonMs=2500, confidence=100, planning.waypoints=1, offloadTaskId=udp-probe-626, offloadPayload=1024 bytes}"
5g-udp-sender,1783019784919508065,edge4av-real-20260702-multiclient-scalability-run-4,p5g-scale-udp-payload-1024-clients-100,scale,guided-planning,udp,veh-73,veh-73,rsu-1,p5g-scale-udp-payload-1024-clients-100-veh-73-627,ipi-session-1,multiclient-scalability-run-4,veh-73,627,100-clients,default,stationary,unsynced,true,true,clients,100,count,IPI-CooperativeService,1102,1783019784821772245,1783019720105065793,1783019720105116002,1783019784919508065,97.736,,0.050,64814.392,"CooperativeService{guidedPlanning, status=request, vehicleId=0x7665682d3733, requestedHorizonMs=2500, confidence=100, planning.waypoints=1, offloadTaskId=udp-probe-627, offloadPayload=1024 bytes}"
5g-udp-sender,1783019785227569657,edge4av-real-20260702-multiclient-scalability-run-4,p5g-scale-udp-payload-1024-clients-100,scale,guided-planning,udp,veh-73,veh-73,rsu-1,p5g-scale-udp-payload-1024-clients-100-veh-73-628,ipi-session-1,multiclient-scalability-run-4,veh-73,628,100-clients,default,stationary,unsynced,true,true,clients,100,count,IPI-CooperativeService,1102,1783019785119662089,1783019720415424947,1783019720415475471,1783019785227569657,107.908,,0.051,64812.094,"CooperativeService{guidedPlanning, status=request, vehicleId=0x7665682d3733, requestedHorizonMs=2500, confidence=100, planning.waypoints=1, offloadTaskId=udp-probe-628, offloadPayload=1024 bytes}"
5g-udp-sender,1783019785561737715,edge4av-real-20260702-multiclient-scalability-run-4,p5g-scale-udp-payload-1024-clients-100,scale,guided-planning,udp,veh-73,veh-73,rsu-1,p5g-scale-udp-payload-1024-clients-100-veh-73-629,ipi-session-1,multiclient-scalability-run-4,veh-73,629,100-clients,default,stationary,unsynced,true,true,clients,100,count,IPI-CooperativeService,1102,1783019785427721977,1783019720746868094,1783019720746893707,1783019785561737715,134.016,,0.026,64814.844,"CooperativeService{guidedPlanning, status=request, vehicleId=0x7665682d3733, requestedHorizonMs=2500, confidence=100, planning.waypoints=1, offloadTaskId=udp-probe-629, offloadPayload=1024 bytes}"
5g-udp-sender,1783019785875594104,edge4av-real-20260702-multiclient-scalability-run-4,p5g-scale-udp-payload-1024-clients-100,scale,guided-planning,udp,veh-73,veh-73,rsu-1,p5g-scale-udp-payload-1024-clients-100-veh-73-630,ipi-session-1,multiclient-scalability-run-4,veh-73,630,100-clients,default,stationary,unsynced,true,true,clients,100,count,IPI-CooperativeService,1102,1783019785761887916,1783019721056930503,1783019721056959795,1783019785875594104,113.706,,0.029,64818.634,"CooperativeService{guidedPlanning, status=request, vehicleId=0x7665682d3733, requestedHorizonMs=2500, confidence=100, planning.waypoints=1, offloadTaskId=udp-probe-630, offloadPayload=1024 bytes}"
5g-udp-sender,1783019786135534431,edge4av-real-20260702-multiclient-scalability-run-4,p5g-scale-udp-payload-1024-clients-100,scale,guided-planning,udp,veh-73,veh-73,rsu-1,p5g-scale-udp-payload-1024-clients-100-veh-73-631,ipi-session-1,multiclient-scalability-run-4,veh-73,631,100-clients,default,stationary,unsynced,true,true,clients,100,count,IPI-CooperativeService,1102,1783019786075749525,1783019721317599703,1783019721317625232,1783019786135534431,59.785,,0.026,64817.909,"CooperativeService{guidedPlanning, status=request, vehicleId=0x7665682d3733, requestedHorizonMs=2500, confidence=100, planning.waypoints=1, offloadTaskId=udp-probe-631, offloadPayload=1024 bytes}"
5g-udp-sender,1783019786397582794,edge4av-real-20260702-multiclient-scalability-run-4,p5g-scale-udp-payload-1024-clients-100,scale,guided-planning,udp,veh-73,veh-73,rsu-1,p5g-scale-udp-payload-1024-clients-100-veh-73-632,ipi-session-1,multiclient-scalability-run-4,veh-73,632,100-clients,default,stationary,unsynced,true,true,clients,100,count,IPI-CooperativeService,1102,1783019786335685301,1783019721578066290,1783019721578092536,1783019786397582794,61.897,,0.026,64819.490,"CooperativeService{guidedPlanning, status=request, vehicleId=0x7665682d3733, requestedHorizonMs=2500, confidence=100, planning.waypoints=1, offloadTaskId=udp-probe-632, offloadPayload=1024 bytes}"
5g-udp-sender,1783019786673634210,edge4av-real-20260702-multiclient-scalability-run-4,p5g-scale-udp-payload-1024-clients-100,scale,guided-planning,udp,veh-73,veh-73,rsu-1,p5g-scale-udp-payload-1024-clients-100-veh-73-633,ipi-session-1,multiclient-scalability-run-4,veh-73,633,100-clients,default,stationary,unsynced,true,true,clients,100,count,IPI-CooperativeService,1102,1783019786597766968,1783019721858592244,1783019721858619035,1783019786673634210,75.867,,0.027,64815.015,"CooperativeService{guidedPlanning, status=request, vehicleId=0x7665682d3733, requestedHorizonMs=2500, confidence=100, planning.waypoints=1, offloadTaskId=udp-probe-633, offloadPayload=1024 bytes}"
5g-udp-sender,1783019786913617788,edge4av-real-20260702-multiclient-scalability-run-4,p5g-scale-udp-payload-1024-clients-100,scale,guided-planning,udp,veh-73,veh-73,rsu-1,p5g-scale-udp-payload-1024-clients-100-veh-73-634,ipi-session-1,multiclient-scalability-run-4,veh-73,634,100-clients,default,stationary,unsynced,true,true,clients,100,count,IPI-CooperativeService,1102,1783019786873779307,1783019722098704529,1783019722098749864,1783019786913617788,39.838,,0.045,64814.868,"CooperativeService{guidedPlanning, status=request, vehicleId=0x7665682d3733, requestedHorizonMs=2500, confidence=100, planning.waypoints=1, offloadTaskId=udp-probe-634, offloadPayload=1024 bytes}"
5g-udp-sender,1783019787173717632,edge4av-real-20260702-multiclient-scalability-run-4,p5g-scale-udp-payload-1024-clients-100,scale,guided-planning,udp,veh-73,veh-73,rsu-1,p5g-scale-udp-payload-1024-clients-100-veh-73-635,ipi-session-1,multiclient-scalability-run-4,veh-73,635,100-clients,default,stationary,unsynced,true,true,clients,100,count,IPI-CooperativeService,1102,1783019787113762888,1783019722358824553,1783019722358876380,1783019787173717632,59.955,,0.052,64814.841,"CooperativeService{guidedPlanning, status=request, vehicleId=0x7665682d3733, requestedHorizonMs=2500, confidence=100, planning.waypoints=1, offloadTaskId=udp-probe-635, offloadPayload=1024 bytes}"
5g-udp-sender,1783019787425651174,edge4av-real-20260702-multiclient-scalability-run-4,p5g-scale-udp-payload-1024-clients-100,scale,guided-planning,udp,veh-73,veh-73,rsu-1,p5g-scale-udp-payload-1024-clients-100-veh-73-636,ipi-session-1,multiclient-scalability-run-4,veh-73,636,100-clients,default,stationary,unsynced,true,true,clients,100,count,IPI-CooperativeService,1102,1783019787373866056,1783019722609892331,1783019722609918173,1783019787425651174,51.785,,0.026,64815.733,"CooperativeService{guidedPlanning, status=request, vehicleId=0x7665682d3733, requestedHorizonMs=2500, confidence=100, planning.waypoints=1, offloadTaskId=udp-probe-636, offloadPayload=1024 bytes}"
5g-udp-sender,1783019787671889103,edge4av-real-20260702-multiclient-scalability-run-4,p5g-scale-udp-payload-1024-clients-100,scale,guided-planning,udp,veh-73,veh-73,rsu-1,p5g-scale-udp-payload-1024-clients-100-veh-73-637,ipi-session-1,multiclient-scalability-run-4,veh-73,637,100-clients,default,stationary,unsynced,true,true,clients,100,count,IPI-CooperativeService,1102,1783019787625801607,1783019722859628434,1783019722859677583,1783019787671889103,46.087,,0.049,64812.212,"CooperativeService{guidedPlanning, status=request, vehicleId=0x7665682d3733, requestedHorizonMs=2500, confidence=100, planning.waypoints=1, offloadTaskId=udp-probe-637, offloadPayload=1024 bytes}"
5g-udp-sender,1783019787917663704,edge4av-real-20260702-multiclient-scalability-run-4,p5g-scale-udp-payload-1024-clients-100,scale,guided-planning,udp,veh-73,veh-73,rsu-1,p5g-scale-udp-payload-1024-clients-100-veh-73-638,ipi-session-1,multiclient-scalability-run-4,veh-73,638,100-clients,default,stationary,unsynced,true,true,clients,100,count,IPI-CooperativeService,1102,1783019787872037986,1783019723100757610,1783019723100782634,1783019787917663704,45.626,,0.025,64816.881,"CooperativeService{guidedPlanning, status=request, vehicleId=0x7665682d3733, requestedHorizonMs=2500, confidence=100, planning.waypoints=1, offloadTaskId=udp-probe-638, offloadPayload=1024 bytes}"
5g-udp-sender,1783019788169561371,edge4av-real-20260702-multiclient-scalability-run-4,p5g-scale-udp-payload-1024-clients-100,scale,guided-planning,udp,veh-73,veh-73,rsu-1,p5g-scale-udp-payload-1024-clients-100-veh-73-639,ipi-session-1,multiclient-scalability-run-4,veh-73,639,100-clients,default,stationary,unsynced,true,true,clients,100,count,IPI-CooperativeService,1102,1783019788117852797,1783019723351020789,1783019723351044511,1783019788169561371,51.709,,0.024,64818.517,"CooperativeService{guidedPlanning, status=request, vehicleId=0x7665682d3733, requestedHorizonMs=2500, confidence=100, planning.waypoints=1, offloadTaskId=udp-probe-639, offloadPayload=1024 bytes}"
5g-udp-sender,1783019788419515007,edge4av-real-20260702-multiclient-scalability-run-4,p5g-scale-udp-payload-1024-clients-100,scale,guided-planning,udp,veh-73,veh-73,rsu-1,p5g-scale-udp-payload-1024-clients-100-veh-73-640,ipi-session-1,multiclient-scalability-run-4,veh-73,640,100-clients,default,stationary,unsynced,true,true,clients,100,count,IPI-CooperativeService,1102,1783019788369709864,1783019723601372114,1783019723601395697,1783019788419515007,49.805,,0.024,64818.119,"CooperativeService{guidedPlanning, status=request, vehicleId=0x7665682d3733, requestedHorizonMs=2500, confidence=100, planning.waypoints=1, offloadTaskId=udp-probe-640, offloadPayload=1024 bytes}"
5g-udp-sender,1783019788659503197,edge4av-real-20260702-multiclient-scalability-run-4,p5g-scale-udp-payload-1024-clients-100,scale,guided-planning,udp,veh-73,veh-73,rsu-1,p5g-scale-udp-payload-1024-clients-100-veh-73-641,ipi-session-1,multiclient-scalability-run-4,veh-73,641,100-clients,default,stationary,unsynced,true,true,clients,100,count,IPI-CooperativeService,1102,1783019788619665237,1783019723841642516,1783019723841668814,1783019788659503197,39.838,,0.026,64817.834,"CooperativeService{guidedPlanning, status=request, vehicleId=0x7665682d3733, requestedHorizonMs=2500, confidence=100, planning.waypoints=1, offloadTaskId=udp-probe-641, offloadPayload=1024 bytes}"
5g-udp-sender,1783019788899665939,edge4av-real-20260702-multiclient-scalability-run-4,p5g-scale-udp-payload-1024-clients-100,scale,guided-planning,udp,veh-73,veh-73,rsu-1,p5g-scale-udp-payload-1024-clients-100-veh-73-642,ipi-session-1,multiclient-scalability-run-4,veh-73,642,100-clients,default,stationary,unsynced,true,true,clients,100,count,IPI-CooperativeService,1102,1783019788859654187,1783019724082311548,1783019724082361279,1783019788899665939,40.012,,0.050,64817.305,"CooperativeService{guidedPlanning, status=request, vehicleId=0x7665682d3733, requestedHorizonMs=2500, confidence=100, planning.waypoints=1, offloadTaskId=udp-probe-642, offloadPayload=1024 bytes}"
5g-udp-sender,1783019789139663532,edge4av-real-20260702-multiclient-scalability-run-4,p5g-scale-udp-payload-1024-clients-100,scale,guided-planning,udp,veh-73,veh-73,rsu-1,p5g-scale-udp-payload-1024-clients-100-veh-73-643,ipi-session-1,multiclient-scalability-run-4,veh-73,643,100-clients,default,stationary,unsynced,true,true,clients,100,count,IPI-CooperativeService,1102,1783019789099818042,1783019724322893646,1783019724322916937,1783019789139663532,39.845,,0.023,64816.747,"CooperativeService{guidedPlanning, status=request, vehicleId=0x7665682d3733, requestedHorizonMs=2500, confidence=100, planning.waypoints=1, offloadTaskId=udp-probe-643, offloadPayload=1024 bytes}"
5g-udp-sender,1783019789377561582,edge4av-real-20260702-multiclient-scalability-run-4,p5g-scale-udp-payload-1024-clients-100,scale,guided-planning,udp,veh-73,veh-73,rsu-1,p5g-scale-udp-payload-1024-clients-100-veh-73-644,ipi-session-1,multiclient-scalability-run-4,veh-73,644,100-clients,default,stationary,unsynced,true,true,clients,100,count,IPI-CooperativeService,1102,1783019789339808048,1783019724562770840,1783019724562794589,1783019789377561582,37.754,,0.024,64814.767,"CooperativeService{guidedPlanning, status=request, vehicleId=0x7665682d3733, requestedHorizonMs=2500, confidence=100, planning.waypoints=1, offloadTaskId=udp-probe-644, offloadPayload=1024 bytes}"
5g-udp-sender,1783019789617550665,edge4av-real-20260702-multiclient-scalability-run-4,p5g-scale-udp-payload-1024-clients-100,scale,guided-planning,udp,veh-73,veh-73,rsu-1,p5g-scale-udp-payload-1024-clients-100-veh-73-645,ipi-session-1,multiclient-scalability-run-4,veh-73,645,100-clients,default,stationary,unsynced,true,true,clients,100,count,IPI-CooperativeService,1102,1783019789577752136,1783019724803479654,1783019724803501996,1783019789617550665,39.799,,0.022,64814.049,"CooperativeService{guidedPlanning, status=request, vehicleId=0x7665682d3733, requestedHorizonMs=2500, confidence=100, planning.waypoints=1, offloadTaskId=udp-probe-645, offloadPayload=1024 bytes}"
5g-udp-sender,1783019789889533699,edge4av-real-20260702-multiclient-scalability-run-4,p5g-scale-udp-payload-1024-clients-100,scale,guided-planning,udp,veh-73,veh-73,rsu-1,p5g-scale-udp-payload-1024-clients-100-veh-73-646,ipi-session-1,multiclient-scalability-run-4,veh-73,646,100-clients,default,stationary,unsynced,true,true,clients,100,count,IPI-CooperativeService,1102,1783019789817706224,1783019725073495923,1783019725073523616,1783019789889533699,71.827,,0.028,64816.010,"CooperativeService{guidedPlanning, status=request, vehicleId=0x7665682d3733, requestedHorizonMs=2500, confidence=100, planning.waypoints=1, offloadTaskId=udp-probe-646, offloadPayload=1024 bytes}"
5g-udp-sender,1783019790179643485,edge4av-real-20260702-multiclient-scalability-run-4,p5g-scale-udp-payload-1024-clients-100,scale,guided-planning,udp,veh-73,veh-73,rsu-1,p5g-scale-udp-payload-1024-clients-100-veh-73-647,ipi-session-1,multiclient-scalability-run-4,veh-73,647,100-clients,default,stationary,unsynced,true,true,clients,100,count,IPI-CooperativeService,1102,1783019790089683865,1783019725364285906,1783019725364308873,1783019790179643485,89.960,,0.023,64815.335,"CooperativeService{guidedPlanning, status=request, vehicleId=0x7665682d3733, requestedHorizonMs=2500, confidence=100, planning.waypoints=1, offloadTaskId=udp-probe-647, offloadPayload=1024 bytes}"
5g-udp-sender,1783019790427099650,edge4av-real-20260702-multiclient-scalability-run-4,p5g-scale-udp-payload-1024-clients-100,scale,guided-planning,udp,veh-73,veh-73,rsu-1,p5g-scale-udp-payload-1024-clients-100-veh-73-648,ipi-session-1,multiclient-scalability-run-4,veh-73,648,100-clients,default,stationary,unsynced,true,true,clients,100,count,IPI-CooperativeService,1102,1783019790379813075,1783019725614359412,1783019725614409125,1783019790427099650,47.287,,0.050,64812.691,"CooperativeService{guidedPlanning, status=request, vehicleId=0x7665682d3733, requestedHorizonMs=2500, confidence=100, planning.waypoints=1, offloadTaskId=udp-probe-648, offloadPayload=1024 bytes}"
5g-udp-sender,1783019790657803940,edge4av-real-20260702-multiclient-scalability-run-4,p5g-scale-udp-payload-1024-clients-100,scale,guided-planning,udp,veh-73,veh-73,rsu-1,p5g-scale-udp-payload-1024-clients-100-veh-73-649,ipi-session-1,multiclient-scalability-run-4,veh-73,649,100-clients,default,stationary,unsynced,true,true,clients,100,count,IPI-CooperativeService,1102,1783019790627254502,1783019725845228262,1783019725845253214,1783019790657803940,30.549,,0.025,64812.551,"CooperativeService{guidedPlanning, status=request, vehicleId=0x7665682d3733, requestedHorizonMs=2500, confidence=100, planning.waypoints=1, offloadTaskId=udp-probe-649, offloadPayload=1024 bytes}"
5g-udp-sender,1783019790911807390,edge4av-real-20260702-multiclient-scalability-run-4,p5g-scale-udp-payload-1024-clients-100,scale,guided-planning,udp,veh-73,veh-73,rsu-1,p5g-scale-udp-payload-1024-clients-100-veh-73-650,ipi-session-1,multiclient-scalability-run-4,veh-73,650,100-clients,default,stationary,unsynced,true,true,clients,100,count,IPI-CooperativeService,1102,1783019790857968116,1783019726095479915,1783019726095503163,1783019790911807390,53.839,,0.023,64816.304,"CooperativeService{guidedPlanning, status=request, vehicleId=0x7665682d3733, requestedHorizonMs=2500, confidence=100, planning.waypoints=1, offloadTaskId=udp-probe-650, offloadPayload=1024 bytes}"
5g-udp-sender,1783019791161596036,edge4av-real-20260702-multiclient-scalability-run-4,p5g-scale-udp-payload-1024-clients-100,scale,guided-planning,udp,veh-73,veh-73,rsu-1,p5g-scale-udp-payload-1024-clients-100-veh-73-651,ipi-session-1,multiclient-scalability-run-4,veh-73,651,100-clients,default,stationary,unsynced,true,true,clients,100,count,IPI-CooperativeService,1102,1783019791111997479,1783019726345959076,1783019726345983865,1783019791161596036,49.599,,0.025,64815.612,"CooperativeService{guidedPlanning, status=request, vehicleId=0x7665682d3733, requestedHorizonMs=2500, confidence=100, planning.waypoints=1, offloadTaskId=udp-probe-651, offloadPayload=1024 bytes}"
5g-udp-sender,1783019791393538857,edge4av-real-20260702-multiclient-scalability-run-4,p5g-scale-udp-payload-1024-clients-100,scale,guided-planning,udp,veh-73,veh-73,rsu-1,p5g-scale-udp-payload-1024-clients-100-veh-73-652,ipi-session-1,multiclient-scalability-run-4,veh-73,652,100-clients,default,stationary,unsynced,true,true,clients,100,count,IPI-CooperativeService,1102,1783019791361750255,1783019726576317314,1783019726576339453,1783019791393538857,31.789,,0.022,64817.199,"CooperativeService{guidedPlanning, status=request, vehicleId=0x7665682d3733, requestedHorizonMs=2500, confidence=100, planning.waypoints=1, offloadTaskId=udp-probe-652, offloadPayload=1024 bytes}"
5g-udp-sender,1783019791633692341,edge4av-real-20260702-multiclient-scalability-run-4,p5g-scale-udp-payload-1024-clients-100,scale,guided-planning,udp,veh-73,veh-73,rsu-1,p5g-scale-udp-payload-1024-clients-100-veh-73-653,ipi-session-1,multiclient-scalability-run-4,veh-73,653,100-clients,default,stationary,unsynced,true,true,clients,100,count,IPI-CooperativeService,1102,1783019791593687709,1783019726816646647,1783019726816700928,1783019791633692341,40.005,,0.054,64816.991,"CooperativeService{guidedPlanning, status=request, vehicleId=0x7665682d3733, requestedHorizonMs=2500, confidence=100, planning.waypoints=1, offloadTaskId=udp-probe-653, offloadPayload=1024 bytes}"
5g-udp-sender,1783019791869655556,edge4av-real-20260702-multiclient-scalability-run-4,p5g-scale-udp-payload-1024-clients-100,scale,guided-planning,udp,veh-73,veh-73,rsu-1,p5g-scale-udp-payload-1024-clients-100-veh-73-654,ipi-session-1,multiclient-scalability-run-4,veh-73,654,100-clients,default,stationary,unsynced,true,true,clients,100,count,IPI-CooperativeService,1102,1783019791833847203,1783019727056358850,1783019727056385718,1783019791869655556,35.808,,0.027,64813.270,"CooperativeService{guidedPlanning, status=request, vehicleId=0x7665682d3733, requestedHorizonMs=2500, confidence=100, planning.waypoints=1, offloadTaskId=udp-probe-654, offloadPayload=1024 bytes}"
5g-udp-sender,1783019792123630365,edge4av-real-20260702-multiclient-scalability-run-4,p5g-scale-udp-payload-1024-clients-100,scale,guided-planning,udp,veh-73,veh-73,rsu-1,p5g-scale-udp-payload-1024-clients-100-veh-73-655,ipi-session-1,multiclient-scalability-run-4,veh-73,655,100-clients,default,stationary,unsynced,true,true,clients,100,count,IPI-CooperativeService,1102,1783019792069807554,1783019727306766037,1783019727306815271,1783019792123630365,53.823,,0.049,64816.815,"CooperativeService{guidedPlanning, status=request, vehicleId=0x7665682d3733, requestedHorizonMs=2500, confidence=100, planning.waypoints=1, offloadTaskId=udp-probe-655, offloadPayload=1024 bytes}"
5g-udp-sender,1783019792393789241,edge4av-real-20260702-multiclient-scalability-run-4,p5g-scale-udp-payload-1024-clients-100,scale,guided-planning,udp,veh-73,veh-73,rsu-1,p5g-scale-udp-payload-1024-clients-100-veh-73-656,ipi-session-1,multiclient-scalability-run-4,veh-73,656,100-clients,default,stationary,unsynced,true,true,clients,100,count,IPI-CooperativeService,1102,1783019792323781397,1783019727577710894,1783019727577734191,1783019792393789241,70.008,,0.023,64816.055,"CooperativeService{guidedPlanning, status=request, vehicleId=0x7665682d3733, requestedHorizonMs=2500, confidence=100, planning.waypoints=1, offloadTaskId=udp-probe-656, offloadPayload=1024 bytes}"
5g-udp-sender,1783019792633556487,edge4av-real-20260702-multiclient-scalability-run-4,p5g-scale-udp-payload-1024-clients-100,scale,guided-planning,udp,veh-73,veh-73,rsu-1,p5g-scale-udp-payload-1024-clients-100-veh-73-657,ipi-session-1,multiclient-scalability-run-4,veh-73,657,100-clients,default,stationary,unsynced,true,true,clients,100,count,IPI-CooperativeService,1102,1783019792593952169,1783019727818056594,1783019727818078869,1783019792633556487,39.604,,0.022,64815.478,"CooperativeService{guidedPlanning, status=request, vehicleId=0x7665682d3733, requestedHorizonMs=2500, confidence=100, planning.waypoints=1, offloadTaskId=udp-probe-657, offloadPayload=1024 bytes}"
5g-udp-sender,1783019792885601518,edge4av-real-20260702-multiclient-scalability-run-4,p5g-scale-udp-payload-1024-clients-100,scale,guided-planning,udp,veh-73,veh-73,rsu-1,p5g-scale-udp-payload-1024-clients-100-veh-73-658,ipi-session-1,multiclient-scalability-run-4,veh-73,658,100-clients,default,stationary,unsynced,true,true,clients,100,count,IPI-CooperativeService,1102,1783019792833742092,1783019728067767788,1783019728067817301,1783019792885601518,51.859,,0.050,64817.784,"CooperativeService{guidedPlanning, status=request, vehicleId=0x7665682d3733, requestedHorizonMs=2500, confidence=100, planning.waypoints=1, offloadTaskId=udp-probe-658, offloadPayload=1024 bytes}"
5g-udp-sender,1783019793135572445,edge4av-real-20260702-multiclient-scalability-run-4,p5g-scale-udp-payload-1024-clients-100,scale,guided-planning,udp,veh-73,veh-73,rsu-1,p5g-scale-udp-payload-1024-clients-100-veh-73-659,ipi-session-1,multiclient-scalability-run-4,veh-73,659,100-clients,default,stationary,unsynced,true,true,clients,100,count,IPI-CooperativeService,1102,1783019793085758963,1783019728318879949,1783019728318904124,1783019793135572445,49.813,,0.024,64816.668,"CooperativeService{guidedPlanning, status=request, vehicleId=0x7665682d3733, requestedHorizonMs=2500, confidence=100, planning.waypoints=1, offloadTaskId=udp-probe-659, offloadPayload=1024 bytes}"
5g-udp-sender,1783019793385714028,edge4av-real-20260702-multiclient-scalability-run-4,p5g-scale-udp-payload-1024-clients-100,scale,guided-planning,udp,veh-73,veh-73,rsu-1,p5g-scale-udp-payload-1024-clients-100-veh-73-660,ipi-session-1,multiclient-scalability-run-4,veh-73,660,100-clients,default,stationary,unsynced,true,true,clients,100,count,IPI-CooperativeService,1102,1783019793335725150,1783019728569172535,1783019728569195973,1783019793385714028,49.989,,0.023,64816.518,"CooperativeService{guidedPlanning, status=request, vehicleId=0x7665682d3733, requestedHorizonMs=2500, confidence=100, planning.waypoints=1, offloadTaskId=udp-probe-660, offloadPayload=1024 bytes}"
5g-udp-sender,1783019793643543192,edge4av-real-20260702-multiclient-scalability-run-4,p5g-scale-udp-payload-1024-clients-100,scale,guided-planning,udp,veh-73,veh-73,rsu-1,p5g-scale-udp-payload-1024-clients-100-veh-73-661,ipi-session-1,multiclient-scalability-run-4,veh-73,661,100-clients,default,stationary,unsynced,true,true,clients,100,count,IPI-CooperativeService,1102,1783019793585864636,1783019728829023135,1783019728829073897,1783019793643543192,57.679,,0.051,64814.469,"CooperativeService{guidedPlanning, status=request, vehicleId=0x7665682d3733, requestedHorizonMs=2500, confidence=100, planning.waypoints=1, offloadTaskId=udp-probe-661, offloadPayload=1024 bytes}"
5g-udp-sender,1783019793897550554,edge4av-real-20260702-multiclient-scalability-run-4,p5g-scale-udp-payload-1024-clients-100,scale,guided-planning,udp,veh-73,veh-73,rsu-1,p5g-scale-udp-payload-1024-clients-100-veh-73-662,ipi-session-1,multiclient-scalability-run-4,veh-73,662,100-clients,default,stationary,unsynced,true,true,clients,100,count,IPI-CooperativeService,1102,1783019793843701663,1783019729079931812,1783019729079955237,1783019793897550554,53.849,,0.023,64817.595,"CooperativeService{guidedPlanning, status=request, vehicleId=0x7665682d3733, requestedHorizonMs=2500, confidence=100, planning.waypoints=1, offloadTaskId=udp-probe-662, offloadPayload=1024 bytes}"
5g-udp-sender,1783019794133675023,edge4av-real-20260702-multiclient-scalability-run-4,p5g-scale-udp-payload-1024-clients-100,scale,guided-planning,udp,veh-73,veh-73,rsu-1,p5g-scale-udp-payload-1024-clients-100-veh-73-663,ipi-session-1,multiclient-scalability-run-4,veh-73,663,100-clients,default,stationary,unsynced,true,true,clients,100,count,IPI-CooperativeService,1102,1783019794097705005,1783019729319929462,1783019729319979581,1783019794133675023,35.970,,0.050,64813.695,"CooperativeService{guidedPlanning, status=request, vehicleId=0x7665682d3733, requestedHorizonMs=2500, confidence=100, planning.waypoints=1, offloadTaskId=udp-probe-663, offloadPayload=1024 bytes}"
5g-udp-sender,1783019794375585978,edge4av-real-20260702-multiclient-scalability-run-4,p5g-scale-udp-payload-1024-clients-100,scale,guided-planning,udp,veh-73,veh-73,rsu-1,p5g-scale-udp-payload-1024-clients-100-veh-73-664,ipi-session-1,multiclient-scalability-run-4,veh-73,664,100-clients,default,stationary,unsynced,true,true,clients,100,count,IPI-CooperativeService,1102,1783019794333859190,1783019729560407134,1783019729560437749,1783019794375585978,41.727,,0.031,64815.148,"CooperativeService{guidedPlanning, status=request, vehicleId=0x7665682d3733, requestedHorizonMs=2500, confidence=100, planning.waypoints=1, offloadTaskId=udp-probe-664, offloadPayload=1024 bytes}"
5g-udp-sender,1783019794619614060,edge4av-real-20260702-multiclient-scalability-run-4,p5g-scale-udp-payload-1024-clients-100,scale,guided-planning,udp,veh-73,veh-73,rsu-1,p5g-scale-udp-payload-1024-clients-100-veh-73-665,ipi-session-1,multiclient-scalability-run-4,veh-73,665,100-clients,default,stationary,unsynced,true,true,clients,100,count,IPI-CooperativeService,1102,1783019794575734312,1783019729801214105,1783019729801240634,1783019794619614060,43.880,,0.027,64818.373,"CooperativeService{guidedPlanning, status=request, vehicleId=0x7665682d3733, requestedHorizonMs=2500, confidence=100, planning.waypoints=1, offloadTaskId=udp-probe-665, offloadPayload=1024 bytes}"
5g-udp-sender,1783019794859578727,edge4av-real-20260702-multiclient-scalability-run-4,p5g-scale-udp-payload-1024-clients-100,scale,guided-planning,udp,veh-73,veh-73,rsu-1,p5g-scale-udp-payload-1024-clients-100-veh-73-666,ipi-session-1,multiclient-scalability-run-4,veh-73,666,100-clients,default,stationary,unsynced,true,true,clients,100,count,IPI-CooperativeService,1102,1783019794819761841,1783019730041432911,1783019730041465748,1783019794859578727,39.817,,0.033,64818.113,"CooperativeService{guidedPlanning, status=request, vehicleId=0x7665682d3733, requestedHorizonMs=2500, confidence=100, planning.waypoints=1, offloadTaskId=udp-probe-666, offloadPayload=1024 bytes}"
5g-udp-sender,1783019795107618946,edge4av-real-20260702-multiclient-scalability-run-4,p5g-scale-udp-payload-1024-clients-100,scale,guided-planning,udp,veh-73,veh-73,rsu-1,p5g-scale-udp-payload-1024-clients-100-veh-73-667,ipi-session-1,multiclient-scalability-run-4,veh-73,667,100-clients,default,stationary,unsynced,true,true,clients,100,count,IPI-CooperativeService,1102,1783019795059728211,1783019730291637916,1783019730291664334,1783019795107618946,47.891,,0.026,64815.955,"CooperativeService{guidedPlanning, status=request, vehicleId=0x7665682d3733, requestedHorizonMs=2500, confidence=100, planning.waypoints=1, offloadTaskId=udp-probe-667, offloadPayload=1024 bytes}"
5g-udp-sender,1783019795335750357,edge4av-real-20260702-multiclient-scalability-run-4,p5g-scale-udp-payload-1024-clients-100,scale,guided-planning,udp,veh-73,veh-73,rsu-1,p5g-scale-udp-payload-1024-clients-100-veh-73-668,ipi-session-1,multiclient-scalability-run-4,veh-73,668,100-clients,default,stationary,unsynced,true,true,clients,100,count,IPI-CooperativeService,1102,1783019795307768697,1783019730522100384,1783019730522126057,1783019795335750357,27.982,,0.026,64813.624,"CooperativeService{guidedPlanning, status=request, vehicleId=0x7665682d3733, requestedHorizonMs=2500, confidence=100, planning.waypoints=1, offloadTaskId=udp-probe-668, offloadPayload=1024 bytes}"
5g-udp-sender,1783019795589517679,edge4av-real-20260702-multiclient-scalability-run-4,p5g-scale-udp-payload-1024-clients-100,scale,guided-planning,udp,veh-73,veh-73,rsu-1,p5g-scale-udp-payload-1024-clients-100-veh-73-669,ipi-session-1,multiclient-scalability-run-4,veh-73,669,100-clients,default,stationary,unsynced,true,true,clients,100,count,IPI-CooperativeService,1102,1783019795535898488,1783019730772422446,1783019730772451687,1783019795589517679,53.619,,0.029,64817.066,"CooperativeService{guidedPlanning, status=request, vehicleId=0x7665682d3733, requestedHorizonMs=2500, confidence=100, planning.waypoints=1, offloadTaskId=udp-probe-669, offloadPayload=1024 bytes}"
5g-udp-sender,1783019795849831269,edge4av-real-20260702-multiclient-scalability-run-4,p5g-scale-udp-payload-1024-clients-100,scale,guided-planning,udp,veh-73,veh-73,rsu-1,p5g-scale-udp-payload-1024-clients-100-veh-73-670,ipi-session-1,multiclient-scalability-run-4,veh-73,670,100-clients,default,stationary,unsynced,true,true,clients,100,count,IPI-CooperativeService,1102,1783019795789709240,1783019731033095133,1783019731033120818,1783019795849831269,60.122,,0.026,64816.710,"CooperativeService{guidedPlanning, status=request, vehicleId=0x7665682d3733, requestedHorizonMs=2500, confidence=100, planning.waypoints=1, offloadTaskId=udp-probe-670, offloadPayload=1024 bytes}"
5g-udp-sender,1783019796087696906,edge4av-real-20260702-multiclient-scalability-run-4,p5g-scale-udp-payload-1024-clients-100,scale,guided-planning,udp,veh-73,veh-73,rsu-1,p5g-scale-udp-payload-1024-clients-100-veh-73-671,ipi-session-1,multiclient-scalability-run-4,veh-73,671,100-clients,default,stationary,unsynced,true,true,clients,100,count,IPI-CooperativeService,1102,1783019796050007910,1783019731272837671,1783019731272888938,1783019796087696906,37.689,,0.051,64814.808,"CooperativeService{guidedPlanning, status=request, vehicleId=0x7665682d3733, requestedHorizonMs=2500, confidence=100, planning.waypoints=1, offloadTaskId=udp-probe-671, offloadPayload=1024 bytes}"
5g-udp-sender,1783019796331553902,edge4av-real-20260702-multiclient-scalability-run-4,p5g-scale-udp-payload-1024-clients-100,scale,guided-planning,udp,veh-73,veh-73,rsu-1,p5g-scale-udp-payload-1024-clients-100-veh-73-672,ipi-session-1,multiclient-scalability-run-4,veh-73,672,100-clients,default,stationary,unsynced,true,true,clients,100,count,IPI-CooperativeService,1102,1783019796287880710,1783019731513637819,1783019731513663089,1783019796331553902,43.673,,0.025,64817.891,"CooperativeService{guidedPlanning, status=request, vehicleId=0x7665682d3733, requestedHorizonMs=2500, confidence=100, planning.waypoints=1, offloadTaskId=udp-probe-672, offloadPayload=1024 bytes}"
5g-udp-sender,1783019796581677437,edge4av-real-20260702-multiclient-scalability-run-4,p5g-scale-udp-payload-1024-clients-100,scale,guided-planning,udp,veh-73,veh-73,rsu-1,p5g-scale-udp-payload-1024-clients-100-veh-73-673,ipi-session-1,multiclient-scalability-run-4,veh-73,673,100-clients,default,stationary,unsynced,true,true,clients,100,count,IPI-CooperativeService,1102,1783019796531735726,1783019731763973727,1783019731764000560,1783019796581677437,49.942,,0.027,64817.677,"CooperativeService{guidedPlanning, status=request, vehicleId=0x7665682d3733, requestedHorizonMs=2500, confidence=100, planning.waypoints=1, offloadTaskId=udp-probe-673, offloadPayload=1024 bytes}"
5g-udp-sender,1783019796817645517,edge4av-real-20260702-multiclient-scalability-run-4,p5g-scale-udp-payload-1024-clients-100,scale,guided-planning,udp,veh-73,veh-73,rsu-1,p5g-scale-udp-payload-1024-clients-100-veh-73-674,ipi-session-1,multiclient-scalability-run-4,veh-73,674,100-clients,default,stationary,unsynced,true,true,clients,100,count,IPI-CooperativeService,1102,1783019796781861454,1783019732004845778,1783019732004871583,1783019796817645517,35.784,,0.026,64812.774,"CooperativeService{guidedPlanning, status=request, vehicleId=0x7665682d3733, requestedHorizonMs=2500, confidence=100, planning.waypoints=1, offloadTaskId=udp-probe-674, offloadPayload=1024 bytes}"
5g-udp-sender,1783019797059557218,edge4av-real-20260702-multiclient-scalability-run-4,p5g-scale-udp-payload-1024-clients-100,scale,guided-planning,udp,veh-73,veh-73,rsu-1,p5g-scale-udp-payload-1024-clients-100-veh-73-675,ipi-session-1,multiclient-scalability-run-4,veh-73,675,100-clients,default,stationary,unsynced,true,true,clients,100,count,IPI-CooperativeService,1102,1783019797017790353,1783019732244828726,1783019732244853094,1783019797059557218,41.767,,0.024,64814.704,"CooperativeService{guidedPlanning, status=request, vehicleId=0x7665682d3733, requestedHorizonMs=2500, confidence=100, planning.waypoints=1, offloadTaskId=udp-probe-675, offloadPayload=1024 bytes}"
5g-udp-sender,1783019797311597863,edge4av-real-20260702-multiclient-scalability-run-4,p5g-scale-udp-payload-1024-clients-100,scale,guided-planning,udp,veh-73,veh-73,rsu-1,p5g-scale-udp-payload-1024-clients-100-veh-73-676,ipi-session-1,multiclient-scalability-run-4,veh-73,676,100-clients,default,stationary,unsynced,true,true,clients,100,count,IPI-CooperativeService,1102,1783019797259752232,1783019732495078918,1783019732495107635,1783019797311597863,51.846,,0.029,64816.490,"CooperativeService{guidedPlanning, status=request, vehicleId=0x7665682d3733, requestedHorizonMs=2500, confidence=100, planning.waypoints=1, offloadTaskId=udp-probe-676, offloadPayload=1024 bytes}"
5g-udp-sender,1783019797553704930,edge4av-real-20260702-multiclient-scalability-run-4,p5g-scale-udp-payload-1024-clients-100,scale,guided-planning,udp,veh-73,veh-73,rsu-1,p5g-scale-udp-payload-1024-clients-100-veh-73-677,ipi-session-1,multiclient-scalability-run-4,veh-73,677,100-clients,default,stationary,unsynced,true,true,clients,100,count,IPI-CooperativeService,1102,1783019797511748890,1783019732735695628,1783019732735717321,1783019797553704930,41.956,,0.022,64817.988,"CooperativeService{guidedPlanning, status=request, vehicleId=0x7665682d3733, requestedHorizonMs=2500, confidence=100, planning.waypoints=1, offloadTaskId=udp-probe-677, offloadPayload=1024 bytes}"
5g-udp-sender,1783019797813637302,edge4av-real-20260702-multiclient-scalability-run-4,p5g-scale-udp-payload-1024-clients-100,scale,guided-planning,udp,veh-73,veh-73,rsu-1,p5g-scale-udp-payload-1024-clients-100-veh-73-678,ipi-session-1,multiclient-scalability-run-4,veh-73,678,100-clients,default,stationary,unsynced,true,true,clients,100,count,IPI-CooperativeService,1102,1783019797753858366,1783019732995969841,1783019732995992880,1783019797813637302,59.779,,0.023,64817.644,"CooperativeService{guidedPlanning, status=request, vehicleId=0x7665682d3733, requestedHorizonMs=2500, confidence=100, planning.waypoints=1, offloadTaskId=udp-probe-678, offloadPayload=1024 bytes}"
5g-udp-sender,1783019798089685027,edge4av-real-20260702-multiclient-scalability-run-4,p5g-scale-udp-payload-1024-clients-100,scale,guided-planning,udp,veh-73,veh-73,rsu-1,p5g-scale-udp-payload-1024-clients-100-veh-73-679,ipi-session-1,multiclient-scalability-run-4,veh-73,679,100-clients,default,stationary,unsynced,true,true,clients,100,count,IPI-CooperativeService,1102,1783019798013786642,1783019733275858566,1783019733275909179,1783019798089685027,75.898,,0.051,64813.776,"CooperativeService{guidedPlanning, status=request, vehicleId=0x7665682d3733, requestedHorizonMs=2500, confidence=100, planning.waypoints=1, offloadTaskId=udp-probe-679, offloadPayload=1024 bytes}"
5g-udp-sender,1783019798353666836,edge4av-real-20260702-multiclient-scalability-run-4,p5g-scale-udp-payload-1024-clients-100,scale,guided-planning,udp,veh-73,veh-73,rsu-1,p5g-scale-udp-payload-1024-clients-100-veh-73-680,ipi-session-1,multiclient-scalability-run-4,veh-73,680,100-clients,default,stationary,unsynced,true,true,clients,100,count,IPI-CooperativeService,1102,1783019798289837226,1783019733536792333,1783019733536816420,1783019798353666836,63.830,,0.024,64816.850,"CooperativeService{guidedPlanning, status=request, vehicleId=0x7665682d3733, requestedHorizonMs=2500, confidence=100, planning.waypoints=1, offloadTaskId=udp-probe-680, offloadPayload=1024 bytes}"
5g-udp-sender,1783019798679581977,edge4av-real-20260702-multiclient-scalability-run-4,p5g-scale-udp-payload-1024-clients-100,scale,guided-planning,udp,veh-73,veh-73,rsu-1,p5g-scale-udp-payload-1024-clients-100-veh-73-681,ipi-session-1,multiclient-scalability-run-4,veh-73,681,100-clients,default,stationary,unsynced,true,true,clients,100,count,IPI-CooperativeService,1102,1783019798553823012,1783019733857407652,1783019733857448698,1783019798679581977,125.759,,0.041,64822.133,"CooperativeService{guidedPlanning, status=request, vehicleId=0x7665682d3733, requestedHorizonMs=2500, confidence=100, planning.waypoints=1, offloadTaskId=udp-probe-681, offloadPayload=1024 bytes}"
5g-udp-sender,1783019798989058728,edge4av-real-20260702-multiclient-scalability-run-4,p5g-scale-udp-payload-1024-clients-100,scale,guided-planning,udp,veh-73,veh-73,rsu-1,p5g-scale-udp-payload-1024-clients-100-veh-73-682,ipi-session-1,multiclient-scalability-run-4,veh-73,682,100-clients,default,stationary,unsynced,true,true,clients,100,count,IPI-CooperativeService,1102,1783019798879813721,1783019734167788184,1783019734167816449,1783019798989058728,109.245,,0.028,64821.242,"CooperativeService{guidedPlanning, status=request, vehicleId=0x7665682d3733, requestedHorizonMs=2500, confidence=100, planning.waypoints=1, offloadTaskId=udp-probe-682, offloadPayload=1024 bytes}"
5g-udp-sender,1783019799281741307,edge4av-real-20260702-multiclient-scalability-run-4,p5g-scale-udp-payload-1024-clients-100,scale,guided-planning,udp,veh-73,veh-73,rsu-1,p5g-scale-udp-payload-1024-clients-100-veh-73-683,ipi-session-1,multiclient-scalability-run-4,veh-73,683,100-clients,default,stationary,unsynced,true,true,clients,100,count,IPI-CooperativeService,1102,1783019799189207250,1783019734467598152,1783019734467647900,1783019799281741307,92.534,,0.050,64814.093,"CooperativeService{guidedPlanning, status=request, vehicleId=0x7665682d3733, requestedHorizonMs=2500, confidence=100, planning.waypoints=1, offloadTaskId=udp-probe-683, offloadPayload=1024 bytes}"
5g-udp-sender,1783019799601745910,edge4av-real-20260702-multiclient-scalability-run-4,p5g-scale-udp-payload-1024-clients-100,scale,guided-planning,udp,veh-73,veh-73,rsu-1,p5g-scale-udp-payload-1024-clients-100-veh-73-684,ipi-session-1,multiclient-scalability-run-4,veh-73,684,100-clients,default,stationary,unsynced,true,true,clients,100,count,IPI-CooperativeService,1102,1783019799481929344,1783019734788745354,1783019734788771579,1783019799601745910,119.817,,0.026,64812.974,"CooperativeService{guidedPlanning, status=request, vehicleId=0x7665682d3733, requestedHorizonMs=2500, confidence=100, planning.waypoints=1, offloadTaskId=udp-probe-684, offloadPayload=1024 bytes}"
5g-udp-sender,1783019799927657954,edge4av-real-20260702-multiclient-scalability-run-4,p5g-scale-udp-payload-1024-clients-100,scale,guided-planning,udp,veh-73,veh-73,rsu-1,p5g-scale-udp-payload-1024-clients-100-veh-73-685,ipi-session-1,multiclient-scalability-run-4,veh-73,685,100-clients,default,stationary,unsynced,true,true,clients,100,count,IPI-CooperativeService,1102,1783019799801927336,1783019735108762028,1783019735108790627,1783019799927657954,125.731,,0.029,64818.867,"CooperativeService{guidedPlanning, status=request, vehicleId=0x7665682d3733, requestedHorizonMs=2500, confidence=100, planning.waypoints=1, offloadTaskId=udp-probe-685, offloadPayload=1024 bytes}"
5g-udp-sender,1783019800247628346,edge4av-real-20260702-multiclient-scalability-run-4,p5g-scale-udp-payload-1024-clients-100,scale,guided-planning,udp,veh-73,veh-73,rsu-1,p5g-scale-udp-payload-1024-clients-100-veh-73-686,ipi-session-1,multiclient-scalability-run-4,veh-73,686,100-clients,default,stationary,unsynced,true,true,clients,100,count,IPI-CooperativeService,1102,1783019800127808566,1783019735428998182,1783019735429047579,1783019800247628346,119.820,,0.049,64818.581,"CooperativeService{guidedPlanning, status=request, vehicleId=0x7665682d3733, requestedHorizonMs=2500, confidence=100, planning.waypoints=1, offloadTaskId=udp-probe-686, offloadPayload=1024 bytes}"
5g-udp-sender,1783019800541746780,edge4av-real-20260702-multiclient-scalability-run-4,p5g-scale-udp-payload-1024-clients-100,scale,guided-planning,udp,veh-73,veh-73,rsu-1,p5g-scale-udp-payload-1024-clients-100-veh-73-687,ipi-session-1,multiclient-scalability-run-4,veh-73,687,100-clients,default,stationary,unsynced,true,true,clients,100,count,IPI-CooperativeService,1102,1783019800447779988,1783019735720012068,1783019735720040344,1783019800541746780,93.967,,0.028,64821.706,"CooperativeService{guidedPlanning, status=request, vehicleId=0x7665682d3733, requestedHorizonMs=2500, confidence=100, planning.waypoints=1, offloadTaskId=udp-probe-687, offloadPayload=1024 bytes}"
5g-udp-sender,1783019800785731736,edge4av-real-20260702-multiclient-scalability-run-4,p5g-scale-udp-payload-1024-clients-100,scale,guided-planning,udp,veh-73,veh-73,rsu-1,p5g-scale-udp-payload-1024-clients-100-veh-73-688,ipi-session-1,multiclient-scalability-run-4,veh-73,688,100-clients,default,stationary,unsynced,true,true,clients,100,count,IPI-CooperativeService,1102,1783019800741956850,1783019735970376900,1783019735970404102,1783019800785731736,43.775,,0.027,64815.328,"CooperativeService{guidedPlanning, status=request, vehicleId=0x7665682d3733, requestedHorizonMs=2500, confidence=100, planning.waypoints=1, offloadTaskId=udp-probe-688, offloadPayload=1024 bytes}"
5g-udp-sender,1783019801013647506,edge4av-real-20260702-multiclient-scalability-run-4,p5g-scale-udp-payload-1024-clients-100,scale,guided-planning,udp,veh-73,veh-73,rsu-1,p5g-scale-udp-payload-1024-clients-100-veh-73-689,ipi-session-1,multiclient-scalability-run-4,veh-73,689,100-clients,default,stationary,unsynced,true,true,clients,100,count,IPI-CooperativeService,1102,1783019800985927006,1783019736200809429,1783019736200839707,1783019801013647506,27.721,,0.030,64812.808,"CooperativeService{guidedPlanning, status=request, vehicleId=0x7665682d3733, requestedHorizonMs=2500, confidence=100, planning.waypoints=1, offloadTaskId=udp-probe-689, offloadPayload=1024 bytes}"
5g-udp-sender,1783019801277613517,edge4av-real-20260702-multiclient-scalability-run-4,p5g-scale-udp-payload-1024-clients-100,scale,guided-planning,udp,veh-73,veh-73,rsu-1,p5g-scale-udp-payload-1024-clients-100-veh-73-690,ipi-session-1,multiclient-scalability-run-4,veh-73,690,100-clients,default,stationary,unsynced,true,true,clients,100,count,IPI-CooperativeService,1102,1783019801213795118,1783019736461092200,1783019736461118946,1783019801277613517,63.818,,0.027,64816.495,"CooperativeService{guidedPlanning, status=request, vehicleId=0x7665682d3733, requestedHorizonMs=2500, confidence=100, planning.waypoints=1, offloadTaskId=udp-probe-690, offloadPayload=1024 bytes}"
5g-udp-sender,1783019801519683692,edge4av-real-20260702-multiclient-scalability-run-4,p5g-scale-udp-payload-1024-clients-100,scale,guided-planning,udp,veh-73,veh-73,rsu-1,p5g-scale-udp-payload-1024-clients-100-veh-73-691,ipi-session-1,multiclient-scalability-run-4,veh-73,691,100-clients,default,stationary,unsynced,true,true,clients,100,count,IPI-CooperativeService,1102,1783019801477773516,1783019736701283533,1783019736701317227,1783019801519683692,41.910,,0.034,64818.366,"CooperativeService{guidedPlanning, status=request, vehicleId=0x7665682d3733, requestedHorizonMs=2500, confidence=100, planning.waypoints=1, offloadTaskId=udp-probe-691, offloadPayload=1024 bytes}"
5g-udp-sender,1783019801747768027,edge4av-real-20260702-multiclient-scalability-run-4,p5g-scale-udp-payload-1024-clients-100,scale,guided-planning,udp,veh-73,veh-73,rsu-1,p5g-scale-udp-payload-1024-clients-100-veh-73-692,ipi-session-1,multiclient-scalability-run-4,veh-73,692,100-clients,default,stationary,unsynced,true,true,clients,100,count,IPI-CooperativeService,1102,1783019801719835344,1783019736932192801,1783019736932214966,1783019801747768027,27.933,,0.022,64815.553,"CooperativeService{guidedPlanning, status=request, vehicleId=0x7665682d3733, requestedHorizonMs=2500, confidence=100, planning.waypoints=1, offloadTaskId=udp-probe-692, offloadPayload=1024 bytes}"
5g-udp-sender,1783019801993523031,edge4av-real-20260702-multiclient-scalability-run-4,p5g-scale-udp-payload-1024-clients-100,scale,guided-planning,udp,veh-73,veh-73,rsu-1,p5g-scale-udp-payload-1024-clients-100-veh-73-693,ipi-session-1,multiclient-scalability-run-4,veh-73,693,100-clients,default,stationary,unsynced,true,true,clients,100,count,IPI-CooperativeService,1102,1783019801947915542,1783019737181958379,1783019737182008214,1783019801993523031,45.607,,0.050,64811.515,"CooperativeService{guidedPlanning, status=request, vehicleId=0x7665682d3733, requestedHorizonMs=2500, confidence=100, planning.waypoints=1, offloadTaskId=udp-probe-693, offloadPayload=1024 bytes}"
5g-udp-sender,1783019802227745153,edge4av-real-20260702-multiclient-scalability-run-4,p5g-scale-udp-payload-1024-clients-100,scale,guided-planning,udp,veh-73,veh-73,rsu-1,p5g-scale-udp-payload-1024-clients-100-veh-73-694,ipi-session-1,multiclient-scalability-run-4,veh-73,694,100-clients,default,stationary,unsynced,true,true,clients,100,count,IPI-CooperativeService,1102,1783019802193711413,1783019737412917973,1783019737412942502,1783019802227745153,34.034,,0.025,64814.803,"CooperativeService{guidedPlanning, status=request, vehicleId=0x7665682d3733, requestedHorizonMs=2500, confidence=100, planning.waypoints=1, offloadTaskId=udp-probe-694, offloadPayload=1024 bytes}"
5g-udp-sender,1783019802461783182,edge4av-real-20260702-multiclient-scalability-run-4,p5g-scale-udp-payload-1024-clients-100,scale,guided-planning,udp,veh-73,veh-73,rsu-1,p5g-scale-udp-payload-1024-clients-100-veh-73-695,ipi-session-1,multiclient-scalability-run-4,veh-73,695,100-clients,default,stationary,unsynced,true,true,clients,100,count,IPI-CooperativeService,1102,1783019802427891838,1783019737643526490,1783019737643549527,1783019802461783182,33.891,,0.023,64818.234,"CooperativeService{guidedPlanning, status=request, vehicleId=0x7665682d3733, requestedHorizonMs=2500, confidence=100, planning.waypoints=1, offloadTaskId=udp-probe-695, offloadPayload=1024 bytes}"
5g-udp-sender,1783019802709630750,edge4av-real-20260702-multiclient-scalability-run-4,p5g-scale-udp-payload-1024-clients-100,scale,guided-planning,udp,veh-73,veh-73,rsu-1,p5g-scale-udp-payload-1024-clients-100-veh-73-696,ipi-session-1,multiclient-scalability-run-4,veh-73,696,100-clients,default,stationary,unsynced,true,true,clients,100,count,IPI-CooperativeService,1102,1783019802661937044,1783019737893486938,1783019737893542178,1783019802709630750,47.694,,0.055,64816.089,"CooperativeService{guidedPlanning, status=request, vehicleId=0x7665682d3733, requestedHorizonMs=2500, confidence=100, planning.waypoints=1, offloadTaskId=udp-probe-696, offloadPayload=1024 bytes}"
5g-udp-sender,1783019802939655729,edge4av-real-20260702-multiclient-scalability-run-4,p5g-scale-udp-payload-1024-clients-100,scale,guided-planning,udp,veh-73,veh-73,rsu-1,p5g-scale-udp-payload-1024-clients-100-veh-73-697,ipi-session-1,multiclient-scalability-run-4,veh-73,697,100-clients,default,stationary,unsynced,true,true,clients,100,count,IPI-CooperativeService,1102,1783019802909775762,1783019738124201550,1783019738124224242,1783019802939655729,29.880,,0.023,64815.431,"CooperativeService{guidedPlanning, status=request, vehicleId=0x7665682d3733, requestedHorizonMs=2500, confidence=100, planning.waypoints=1, offloadTaskId=udp-probe-697, offloadPayload=1024 bytes}"
5g-udp-sender,1783019803193807018,edge4av-real-20260702-multiclient-scalability-run-4,p5g-scale-udp-payload-1024-clients-100,scale,guided-planning,udp,veh-73,veh-73,rsu-1,p5g-scale-udp-payload-1024-clients-100-veh-73-698,ipi-session-1,multiclient-scalability-run-4,veh-73,698,100-clients,default,stationary,unsynced,true,true,clients,100,count,IPI-CooperativeService,1102,1783019803139799047,1783019738374474580,1783019738374501492,1783019803193807018,54.008,,0.027,64819.306,"CooperativeService{guidedPlanning, status=request, vehicleId=0x7665682d3733, requestedHorizonMs=2500, confidence=100, planning.waypoints=1, offloadTaskId=udp-probe-698, offloadPayload=1024 bytes}"
5g-udp-sender,1783019803441682156,edge4av-real-20260702-multiclient-scalability-run-4,p5g-scale-udp-payload-1024-clients-100,scale,guided-planning,udp,veh-73,veh-73,rsu-1,p5g-scale-udp-payload-1024-clients-100-veh-73-699,ipi-session-1,multiclient-scalability-run-4,veh-73,699,100-clients,default,stationary,unsynced,true,true,clients,100,count,IPI-CooperativeService,1102,1783019803393958403,1783019738625127342,1783019738625150727,1783019803441682156,47.724,,0.023,64816.531,"CooperativeService{guidedPlanning, status=request, vehicleId=0x7665682d3733, requestedHorizonMs=2500, confidence=100, planning.waypoints=1, offloadTaskId=udp-probe-699, offloadPayload=1024 bytes}"
5g-udp-sender,1783019803681695017,edge4av-real-20260702-multiclient-scalability-run-4,p5g-scale-udp-payload-1024-clients-100,scale,guided-planning,udp,veh-73,veh-73,rsu-1,p5g-scale-udp-payload-1024-clients-100-veh-73-700,ipi-session-1,multiclient-scalability-run-4,veh-73,700,100-clients,default,stationary,unsynced,true,true,clients,100,count,IPI-CooperativeService,1102,1783019803641866518,1783019738865590651,1783019738865614248,1783019803681695017,39.828,,0.024,64816.081,"CooperativeService{guidedPlanning, status=request, vehicleId=0x7665682d3733, requestedHorizonMs=2500, confidence=100, planning.waypoints=1, offloadTaskId=udp-probe-700, offloadPayload=1024 bytes}"
5g-udp-sender,1783019803923745127,edge4av-real-20260702-multiclient-scalability-run-4,p5g-scale-udp-payload-1024-clients-100,scale,guided-planning,udp,veh-73,veh-73,rsu-1,p5g-scale-udp-payload-1024-clients-100-veh-73-701,ipi-session-1,multiclient-scalability-run-4,veh-73,701,100-clients,default,stationary,unsynced,true,true,clients,100,count,IPI-CooperativeService,1102,1783019803881842778,1783019739105827254,1783019739105850844,1783019803923745127,41.902,,0.024,64817.894,"CooperativeService{guidedPlanning, status=request, vehicleId=0x7665682d3733, requestedHorizonMs=2500, confidence=100, planning.waypoints=1, offloadTaskId=udp-probe-701, offloadPayload=1024 bytes}"
5g-udp-sender,1783019804158997676,edge4av-real-20260702-multiclient-scalability-run-4,p5g-scale-udp-payload-1024-clients-100,scale,guided-planning,udp,veh-73,veh-73,rsu-1,p5g-scale-udp-payload-1024-clients-100-veh-73-702,ipi-session-1,multiclient-scalability-run-4,veh-73,702,100-clients,default,stationary,unsynced,true,true,clients,100,count,IPI-CooperativeService,1102,1783019804123894035,1783019739346082115,1783019739346108807,1783019804158997676,35.104,,0.027,64812.889,"CooperativeService{guidedPlanning, status=request, vehicleId=0x7665682d3733, requestedHorizonMs=2500, confidence=100, planning.waypoints=1, offloadTaskId=udp-probe-702, offloadPayload=1024 bytes}"
5g-udp-sender,1783019804388486172,edge4av-real-20260702-multiclient-scalability-run-4,p5g-scale-udp-payload-1024-clients-100,scale,guided-planning,udp,veh-73,veh-73,rsu-1,p5g-scale-udp-payload-1024-clients-100-veh-73-703,ipi-session-1,multiclient-scalability-run-4,veh-73,703,100-clients,default,stationary,unsynced,true,true,clients,100,count,IPI-CooperativeService,1102,1783019804359147351,1783019739575881536,1783019739575892051,1783019804388486172,29.339,,0.011,64812.594,"CooperativeService{guidedPlanning, status=request, vehicleId=0x7665682d3733, requestedHorizonMs=2500, confidence=100, planning.waypoints=1, offloadTaskId=udp-probe-703, offloadPayload=1024 bytes}"
5g-udp-sender,1783019804620953447,edge4av-real-20260702-multiclient-scalability-run-4,p5g-scale-udp-payload-1024-clients-100,scale,guided-planning,udp,veh-73,veh-73,rsu-1,p5g-scale-udp-payload-1024-clients-100-veh-73-704,ipi-session-1,multiclient-scalability-run-4,veh-73,704,100-clients,default,stationary,unsynced,true,true,clients,100,count,IPI-CooperativeService,1102,1783019804588637716,1783019739807098200,1783019739807126908,1783019804620953447,32.316,,0.029,64813.827,"CooperativeService{guidedPlanning, status=request, vehicleId=0x7665682d3733, requestedHorizonMs=2500, confidence=100, planning.waypoints=1, offloadTaskId=udp-probe-704, offloadPayload=1024 bytes}"
5g-udp-sender,1783019804877388180,edge4av-real-20260702-multiclient-scalability-run-4,p5g-scale-udp-payload-1024-clients-100,scale,guided-planning,udp,veh-73,veh-73,rsu-1,p5g-scale-udp-payload-1024-clients-100-veh-73-705,ipi-session-1,multiclient-scalability-run-4,veh-73,705,100-clients,default,stationary,unsynced,true,true,clients,100,count,IPI-CooperativeService,1102,1783019804821108254,1783019740066941148,1783019740066990716,1783019804877388180,56.280,,0.050,64810.397,"CooperativeService{guidedPlanning, status=request, vehicleId=0x7665682d3733, requestedHorizonMs=2500, confidence=100, planning.waypoints=1, offloadTaskId=udp-probe-705, offloadPayload=1024 bytes}"
5g-udp-sender,1783019805160955534,edge4av-real-20260702-multiclient-scalability-run-4,p5g-scale-udp-payload-1024-clients-100,scale,guided-planning,udp,veh-73,veh-73,rsu-1,p5g-scale-udp-payload-1024-clients-100-veh-73-706,ipi-session-1,multiclient-scalability-run-4,veh-73,706,100-clients,default,stationary,unsynced,true,true,clients,100,count,IPI-CooperativeService,1102,1783019805077578946,1783019740337852872,1783019740337876295,1783019805160955534,83.377,,0.023,64823.079,"CooperativeService{guidedPlanning, status=request, vehicleId=0x7665682d3733, requestedHorizonMs=2500, confidence=100, planning.waypoints=1, offloadTaskId=udp-probe-706, offloadPayload=1024 bytes}"
5g-udp-sender,1783019805441396658,edge4av-real-20260702-multiclient-scalability-run-4,p5g-scale-udp-payload-1024-clients-100,scale,guided-planning,udp,veh-73,veh-73,rsu-1,p5g-scale-udp-payload-1024-clients-100-veh-73-707,ipi-session-1,multiclient-scalability-run-4,veh-73,707,100-clients,default,stationary,unsynced,true,true,clients,100,count,IPI-CooperativeService,1102,1783019805361118912,1783019740628285051,1783019740628308035,1783019805441396658,80.278,,0.023,64813.089,"CooperativeService{guidedPlanning, status=request, vehicleId=0x7665682d3733, requestedHorizonMs=2500, confidence=100, planning.waypoints=1, offloadTaskId=udp-probe-707, offloadPayload=1024 bytes}"
5g-udp-sender,1783019805700967862,edge4av-real-20260702-multiclient-scalability-run-4,p5g-scale-udp-payload-1024-clients-100,scale,guided-planning,udp,veh-73,veh-73,rsu-1,p5g-scale-udp-payload-1024-clients-100-veh-73-708,ipi-session-1,multiclient-scalability-run-4,veh-73,708,100-clients,default,stationary,unsynced,true,true,clients,100,count,IPI-CooperativeService,1102,1783019805641539452,1783019740888653574,1783019740888732261,1783019805700967862,59.428,,0.079,64812.236,"CooperativeService{guidedPlanning, status=request, vehicleId=0x7665682d3733, requestedHorizonMs=2500, confidence=100, planning.waypoints=1, offloadTaskId=udp-probe-708, offloadPayload=1024 bytes}"
5g-udp-sender,1783019805972456877,edge4av-real-20260702-multiclient-scalability-run-4,p5g-scale-udp-payload-1024-clients-100,scale,guided-planning,udp,veh-73,veh-73,rsu-1,p5g-scale-udp-payload-1024-clients-100-veh-73-709,ipi-session-1,multiclient-scalability-run-4,veh-73,709,100-clients,default,stationary,unsynced,true,true,clients,100,count,IPI-CooperativeService,1102,1783019805901116333,1783019741159102202,1783019741159128789,1783019805972456877,71.341,,0.027,64813.328,"CooperativeService{guidedPlanning, status=request, vehicleId=0x7665682d3733, requestedHorizonMs=2500, confidence=100, planning.waypoints=1, offloadTaskId=udp-probe-709, offloadPayload=1024 bytes}"
5g-udp-sender,1783019806243789314,edge4av-real-20260702-multiclient-scalability-run-4,p5g-scale-udp-payload-1024-clients-100,scale,guided-planning,udp,veh-73,veh-73,rsu-1,p5g-scale-udp-payload-1024-clients-100-veh-73-710,ipi-session-1,multiclient-scalability-run-4,veh-73,710,100-clients,default,stationary,unsynced,true,true,clients,100,count,IPI-CooperativeService,1102,1783019806172604208,1783019741419861265,1783019741419883430,1783019806243789314,71.185,,0.022,64823.906,"CooperativeService{guidedPlanning, status=request, vehicleId=0x7665682d3733, requestedHorizonMs=2500, confidence=100, planning.waypoints=1, offloadTaskId=udp-probe-710, offloadPayload=1024 bytes}"
5g-udp-sender,1783019806505669427,edge4av-real-20260702-multiclient-scalability-run-4,p5g-scale-udp-payload-1024-clients-100,scale,guided-planning,udp,veh-73,veh-73,rsu-1,p5g-scale-udp-payload-1024-clients-100-veh-73-711,ipi-session-1,multiclient-scalability-run-4,veh-73,711,100-clients,default,stationary,unsynced,true,true,clients,100,count,IPI-CooperativeService,1102,1783019806443934657,1783019741690350359,1783019741690373965,1783019806505669427,61.735,,0.024,64815.295,"CooperativeService{guidedPlanning, status=request, vehicleId=0x7665682d3733, requestedHorizonMs=2500, confidence=100, planning.waypoints=1, offloadTaskId=udp-probe-711, offloadPayload=1024 bytes}"
5g-udp-sender,1783019806747738746,edge4av-real-20260702-multiclient-scalability-run-4,p5g-scale-udp-payload-1024-clients-100,scale,guided-planning,udp,veh-73,veh-73,rsu-1,p5g-scale-udp-payload-1024-clients-100-veh-73-712,ipi-session-1,multiclient-scalability-run-4,veh-73,712,100-clients,default,stationary,unsynced,true,true,clients,100,count,IPI-CooperativeService,1102,1783019806705867424,1783019741930410127,1783019741930438046,1783019806747738746,41.871,,0.028,64817.301,"CooperativeService{guidedPlanning, status=request, vehicleId=0x7665682d3733, requestedHorizonMs=2500, confidence=100, planning.waypoints=1, offloadTaskId=udp-probe-712, offloadPayload=1024 bytes}"
5g-udp-sender,1783019806975667997,edge4av-real-20260702-multiclient-scalability-run-4,p5g-scale-udp-payload-1024-clients-100,scale,guided-planning,udp,veh-73,veh-73,rsu-1,p5g-scale-udp-payload-1024-clients-100-veh-73-713,ipi-session-1,multiclient-scalability-run-4,veh-73,713,100-clients,default,stationary,unsynced,true,true,clients,100,count,IPI-CooperativeService,1102,1783019806947899217,1783019742161046955,1783019742161071330,1783019806975667997,27.769,,0.024,64814.597,"CooperativeService{guidedPlanning, status=request, vehicleId=0x7665682d3733, requestedHorizonMs=2500, confidence=100, planning.waypoints=1, offloadTaskId=udp-probe-713, offloadPayload=1024 bytes}"
5g-udp-sender,1783019807217741280,edge4av-real-20260702-multiclient-scalability-run-4,p5g-scale-udp-payload-1024-clients-100,scale,guided-planning,udp,veh-73,veh-73,rsu-1,p5g-scale-udp-payload-1024-clients-100-veh-73-714,ipi-session-1,multiclient-scalability-run-4,veh-73,714,100-clients,default,stationary,unsynced,true,true,clients,100,count,IPI-CooperativeService,1102,1783019807175822771,1783019742401654014,1783019742401682608,1783019807217741280,41.919,,0.029,64816.059,"CooperativeService{guidedPlanning, status=request, vehicleId=0x7665682d3733, requestedHorizonMs=2500, confidence=100, planning.waypoints=1, offloadTaskId=udp-probe-714, offloadPayload=1024 bytes}"
5g-udp-sender,1783019807485737732,edge4av-real-20260702-multiclient-scalability-run-4,p5g-scale-udp-payload-1024-clients-100,scale,guided-planning,udp,veh-73,veh-73,rsu-1,p5g-scale-udp-payload-1024-clients-100-veh-73-715,ipi-session-1,multiclient-scalability-run-4,veh-73,715,100-clients,default,stationary,unsynced,true,true,clients,100,count,IPI-CooperativeService,1102,1783019807417895163,1783019742671722526,1783019742671749519,1783019807485737732,67.843,,0.027,64813.988,"CooperativeService{guidedPlanning, status=request, vehicleId=0x7665682d3733, requestedHorizonMs=2500, confidence=100, planning.waypoints=1, offloadTaskId=udp-probe-715, offloadPayload=1024 bytes}"
5g-udp-sender,1783019807757743399,edge4av-real-20260702-multiclient-scalability-run-4,p5g-scale-udp-payload-1024-clients-100,scale,guided-planning,udp,veh-73,veh-73,rsu-1,p5g-scale-udp-payload-1024-clients-100-veh-73-716,ipi-session-1,multiclient-scalability-run-4,veh-73,716,100-clients,default,stationary,unsynced,true,true,clients,100,count,IPI-CooperativeService,1102,1783019807685907056,1783019742942072111,1783019742942101511,1783019807757743399,71.836,,0.029,64815.642,"CooperativeService{guidedPlanning, status=request, vehicleId=0x7665682d3733, requestedHorizonMs=2500, confidence=100, planning.waypoints=1, offloadTaskId=udp-probe-716, offloadPayload=1024 bytes}"
5g-udp-sender,1783019808025734618,edge4av-real-20260702-multiclient-scalability-run-4,p5g-scale-udp-payload-1024-clients-100,scale,guided-planning,udp,veh-73,veh-73,rsu-1,p5g-scale-udp-payload-1024-clients-100-veh-73-717,ipi-session-1,multiclient-scalability-run-4,veh-73,717,100-clients,default,stationary,unsynced,true,true,clients,100,count,IPI-CooperativeService,1102,1783019807957905953,1783019743202937453,1783019743202960744,1783019808025734618,67.829,,0.023,64822.774,"CooperativeService{guidedPlanning, status=request, vehicleId=0x7665682d3733, requestedHorizonMs=2500, confidence=100, planning.waypoints=1, offloadTaskId=udp-probe-717, offloadPayload=1024 bytes}"
5g-udp-sender,1783019808291622734,edge4av-real-20260702-multiclient-scalability-run-4,p5g-scale-udp-payload-1024-clients-100,scale,guided-planning,udp,veh-73,veh-73,rsu-1,p5g-scale-udp-payload-1024-clients-100-veh-73-718,ipi-session-1,multiclient-scalability-run-4,veh-73,718,100-clients,default,stationary,unsynced,true,true,clients,100,count,IPI-CooperativeService,1102,1783019808225925425,1783019743473050520,1783019743473077689,1783019808291622734,65.697,,0.027,64818.545,"CooperativeService{guidedPlanning, status=request, vehicleId=0x7665682d3733, requestedHorizonMs=2500, confidence=100, planning.waypoints=1, offloadTaskId=udp-probe-718, offloadPayload=1024 bytes}"
5g-udp-sender,1783019808567712574,edge4av-real-20260702-multiclient-scalability-run-4,p5g-scale-udp-payload-1024-clients-100,scale,guided-planning,udp,veh-73,veh-73,rsu-1,p5g-scale-udp-payload-1024-clients-100-veh-73-719,ipi-session-1,multiclient-scalability-run-4,veh-73,719,100-clients,default,stationary,unsynced,true,true,clients,100,count,IPI-CooperativeService,1102,1783019808491769937,1783019743753424011,1783019743753447230,1783019808567712574,75.943,,0.023,64814.265,"CooperativeService{guidedPlanning, status=request, vehicleId=0x7665682d3733, requestedHorizonMs=2500, confidence=100, planning.waypoints=1, offloadTaskId=udp-probe-719, offloadPayload=1024 bytes}"
5g-udp-sender,1783019808806425543,edge4av-real-20260702-multiclient-scalability-run-4,p5g-scale-udp-payload-1024-clients-100,scale,guided-planning,udp,veh-73,veh-73,rsu-1,p5g-scale-udp-payload-1024-clients-100-veh-73-720,ipi-session-1,multiclient-scalability-run-4,veh-73,720,100-clients,default,stationary,unsynced,true,true,clients,100,count,IPI-CooperativeService,1102,1783019808767861994,1783019743993632743,1783019743993682569,1783019808806425543,38.564,,0.050,64812.743,"CooperativeService{guidedPlanning, status=request, vehicleId=0x7665682d3733, requestedHorizonMs=2500, confidence=100, planning.waypoints=1, offloadTaskId=udp-probe-720, offloadPayload=1024 bytes}"
5g-udp-sender,1783019809049771139,edge4av-real-20260702-multiclient-scalability-run-4,p5g-scale-udp-payload-1024-clients-100,scale,guided-planning,udp,veh-73,veh-73,rsu-1,p5g-scale-udp-payload-1024-clients-100-veh-73-721,ipi-session-1,multiclient-scalability-run-4,veh-73,721,100-clients,default,stationary,unsynced,true,true,clients,100,count,IPI-CooperativeService,1102,1783019809006521474,1783019744234342058,1783019744234368868,1783019809049771139,43.250,,0.027,64815.402,"CooperativeService{guidedPlanning, status=request, vehicleId=0x7665682d3733, requestedHorizonMs=2500, confidence=100, planning.waypoints=1, offloadTaskId=udp-probe-721, offloadPayload=1024 bytes}"
5g-udp-sender,1783019809291668378,edge4av-real-20260702-multiclient-scalability-run-4,p5g-scale-udp-payload-1024-clients-100,scale,guided-planning,udp,veh-73,veh-73,rsu-1,p5g-scale-udp-payload-1024-clients-100-veh-73-722,ipi-session-1,multiclient-scalability-run-4,veh-73,722,100-clients,default,stationary,unsynced,true,true,clients,100,count,IPI-CooperativeService,1102,1783019809249923941,1783019744475173131,1783019744475198435,1783019809291668378,41.744,,0.025,64816.470,"CooperativeService{guidedPlanning, status=request, vehicleId=0x7665682d3733, requestedHorizonMs=2500, confidence=100, planning.waypoints=1, offloadTaskId=udp-probe-722, offloadPayload=1024 bytes}"
5g-udp-sender,1783019809531655314,edge4av-real-20260702-multiclient-scalability-run-4,p5g-scale-udp-payload-1024-clients-100,scale,guided-planning,udp,veh-73,veh-73,rsu-1,p5g-scale-udp-payload-1024-clients-100-veh-73-723,ipi-session-1,multiclient-scalability-run-4,veh-73,723,100-clients,default,stationary,unsynced,true,true,clients,100,count,IPI-CooperativeService,1102,1783019809491818382,1783019744715598354,1783019744715620713,1783019809531655314,39.837,,0.022,64816.035,"CooperativeService{guidedPlanning, status=request, vehicleId=0x7665682d3733, requestedHorizonMs=2500, confidence=100, planning.waypoints=1, offloadTaskId=udp-probe-723, offloadPayload=1024 bytes}"
5g-udp-sender,1783019809769722754,edge4av-real-20260702-multiclient-scalability-run-4,p5g-scale-udp-payload-1024-clients-100,scale,guided-planning,udp,veh-73,veh-73,rsu-1,p5g-scale-udp-payload-1024-clients-100-veh-73-724,ipi-session-1,multiclient-scalability-run-4,veh-73,724,100-clients,default,stationary,unsynced,true,true,clients,100,count,IPI-CooperativeService,1102,1783019809731844774,1783019744955942570,1783019744955965147,1783019809769722754,37.878,,0.023,64813.758,"CooperativeService{guidedPlanning, status=request, vehicleId=0x7665682d3733, requestedHorizonMs=2500, confidence=100, planning.waypoints=1, offloadTaskId=udp-probe-724, offloadPayload=1024 bytes}"
5g-udp-sender,1783019810011631624,edge4av-real-20260702-multiclient-scalability-run-4,p5g-scale-udp-payload-1024-clients-100,scale,guided-planning,udp,veh-73,veh-73,rsu-1,p5g-scale-udp-payload-1024-clients-100-veh-73-725,ipi-session-1,multiclient-scalability-run-4,veh-73,725,100-clients,default,stationary,unsynced,true,true,clients,100,count,IPI-CooperativeService,1102,1783019809969830537,1783019745195923071,1783019745195950323,1783019810011631624,41.801,,0.027,64815.681,"CooperativeService{guidedPlanning, status=request, vehicleId=0x7665682d3733, requestedHorizonMs=2500, confidence=100, planning.waypoints=1, offloadTaskId=udp-probe-725, offloadPayload=1024 bytes}"
5g-udp-sender,1783019810251774861,edge4av-real-20260702-multiclient-scalability-run-4,p5g-scale-udp-payload-1024-clients-100,scale,guided-planning,udp,veh-73,veh-73,rsu-1,p5g-scale-udp-payload-1024-clients-100-veh-73-726,ipi-session-1,multiclient-scalability-run-4,veh-73,726,100-clients,default,stationary,unsynced,true,true,clients,100,count,IPI-CooperativeService,1102,1783019810211774964,1783019745436484795,1783019745436513275,1783019810251774861,40.000,,0.028,64815.262,"CooperativeService{guidedPlanning, status=request, vehicleId=0x7665682d3733, requestedHorizonMs=2500, confidence=100, planning.waypoints=1, offloadTaskId=udp-probe-726, offloadPayload=1024 bytes}"
5g-udp-sender,1783019810481630072,edge4av-real-20260702-multiclient-scalability-run-4,p5g-scale-udp-payload-1024-clients-100,scale,guided-planning,udp,veh-73,veh-73,rsu-1,p5g-scale-udp-payload-1024-clients-100-veh-73-727,ipi-session-1,multiclient-scalability-run-4,veh-73,727,100-clients,default,stationary,unsynced,true,true,clients,100,count,IPI-CooperativeService,1102,1783019810451911194,1783019745667390235,1783019745667427003,1783019810481630072,29.719,,0.037,64814.203,"CooperativeService{guidedPlanning, status=request, vehicleId=0x7665682d3733, requestedHorizonMs=2500, confidence=100, planning.waypoints=1, offloadTaskId=udp-probe-727, offloadPayload=1024 bytes}"
5g-udp-sender,1783019810721778509,edge4av-real-20260702-multiclient-scalability-run-4,p5g-scale-udp-payload-1024-clients-100,scale,guided-planning,udp,veh-73,veh-73,rsu-1,p5g-scale-udp-payload-1024-clients-100-veh-73-728,ipi-session-1,multiclient-scalability-run-4,veh-73,728,100-clients,default,stationary,unsynced,true,true,clients,100,count,IPI-CooperativeService,1102,1783019810681779005,1783019745907183967,1783019745907210872,1783019810721778509,40.000,,0.027,64814.568,"CooperativeService{guidedPlanning, status=request, vehicleId=0x7665682d3733, requestedHorizonMs=2500, confidence=100, planning.waypoints=1, offloadTaskId=udp-probe-728, offloadPayload=1024 bytes}"
5g-udp-sender,1783019810953715438,edge4av-real-20260702-multiclient-scalability-run-4,p5g-scale-udp-payload-1024-clients-100,scale,guided-planning,udp,veh-73,veh-73,rsu-1,p5g-scale-udp-payload-1024-clients-100-veh-73-729,ipi-session-1,multiclient-scalability-run-4,veh-73,729,100-clients,default,stationary,unsynced,true,true,clients,100,count,IPI-CooperativeService,1102,1783019810921928475,1783019746137525675,1783019746137549151,1783019810953715438,31.787,,0.023,64816.166,"CooperativeService{guidedPlanning, status=request, vehicleId=0x7665682d3733, requestedHorizonMs=2500, confidence=100, planning.waypoints=1, offloadTaskId=udp-probe-729, offloadPayload=1024 bytes}"
5g-udp-sender,1783019811205780423,edge4av-real-20260702-multiclient-scalability-run-4,p5g-scale-udp-payload-1024-clients-100,scale,guided-planning,udp,veh-73,veh-73,rsu-1,p5g-scale-udp-payload-1024-clients-100-veh-73-730,ipi-session-1,multiclient-scalability-run-4,veh-73,730,100-clients,default,stationary,unsynced,true,true,clients,100,count,IPI-CooperativeService,1102,1783019811153841598,1783019746388263713,1783019746388286448,1783019811205780423,51.939,,0.023,64817.494,"CooperativeService{guidedPlanning, status=request, vehicleId=0x7665682d3733, requestedHorizonMs=2500, confidence=100, planning.waypoints=1, offloadTaskId=udp-probe-730, offloadPayload=1024 bytes}"
5g-udp-sender,1783019811435784515,edge4av-real-20260702-multiclient-scalability-run-4,p5g-scale-udp-payload-1024-clients-100,scale,guided-planning,udp,veh-73,veh-73,rsu-1,p5g-scale-udp-payload-1024-clients-100-veh-73-731,ipi-session-1,multiclient-scalability-run-4,veh-73,731,100-clients,default,stationary,unsynced,true,true,clients,100,count,IPI-CooperativeService,1102,1783019811405924465,1783019746618472235,1783019746618495633,1783019811435784515,29.860,,0.023,64817.289,"CooperativeService{guidedPlanning, status=request, vehicleId=0x7665682d3733, requestedHorizonMs=2500, confidence=100, planning.waypoints=1, offloadTaskId=udp-probe-731, offloadPayload=1024 bytes}"
5g-udp-sender,1783019811691701780,edge4av-real-20260702-multiclient-scalability-run-4,p5g-scale-udp-payload-1024-clients-100,scale,guided-planning,udp,veh-73,veh-73,rsu-1,p5g-scale-udp-payload-1024-clients-100-veh-73-732,ipi-session-1,multiclient-scalability-run-4,veh-73,732,100-clients,default,stationary,unsynced,true,true,clients,100,count,IPI-CooperativeService,1102,1783019811635931100,1783019746878885235,1783019746878920529,1783019811691701780,55.771,,0.035,64812.781,"CooperativeService{guidedPlanning, status=request, vehicleId=0x7665682d3733, requestedHorizonMs=2500, confidence=100, planning.waypoints=1, offloadTaskId=udp-probe-732, offloadPayload=1024 bytes}"
5g-udp-sender,1783019811973708061,edge4av-real-20260702-multiclient-scalability-run-4,p5g-scale-udp-payload-1024-clients-100,scale,guided-planning,udp,veh-73,veh-73,rsu-1,p5g-scale-udp-payload-1024-clients-100-veh-73-733,ipi-session-1,multiclient-scalability-run-4,veh-73,733,100-clients,default,stationary,unsynced,true,true,clients,100,count,IPI-CooperativeService,1102,1783019811891860636,1783019747159121324,1783019747159170651,1783019811973708061,81.847,,0.049,64814.537,"CooperativeService{guidedPlanning, status=request, vehicleId=0x7665682d3733, requestedHorizonMs=2500, confidence=100, planning.waypoints=1, offloadTaskId=udp-probe-733, offloadPayload=1024 bytes}"
5g-udp-sender,1783019812263751230,edge4av-real-20260702-multiclient-scalability-run-4,p5g-scale-udp-payload-1024-clients-100,scale,guided-planning,udp,veh-73,veh-73,rsu-1,p5g-scale-udp-payload-1024-clients-100-veh-73-734,ipi-session-1,multiclient-scalability-run-4,veh-73,734,100-clients,default,stationary,unsynced,true,true,clients,100,count,IPI-CooperativeService,1102,1783019812173878494,1783019747449957337,1783019747449980579,1783019812263751230,89.873,,0.023,64813.771,"CooperativeService{guidedPlanning, status=request, vehicleId=0x7665682d3733, requestedHorizonMs=2500, confidence=100, planning.waypoints=1, offloadTaskId=udp-probe-734, offloadPayload=1024 bytes}"
5g-udp-sender,1783019812533668325,edge4av-real-20260702-multiclient-scalability-run-4,p5g-scale-udp-payload-1024-clients-100,scale,guided-planning,udp,veh-73,veh-73,rsu-1,p5g-scale-udp-payload-1024-clients-100-veh-73-735,ipi-session-1,multiclient-scalability-run-4,veh-73,735,100-clients,default,stationary,unsynced,true,true,clients,100,count,IPI-CooperativeService,1102,1783019812463905512,1783019747719938985,1783019747719989781,1783019812533668325,69.763,,0.051,64813.679,"CooperativeService{guidedPlanning, status=request, vehicleId=0x7665682d3733, requestedHorizonMs=2500, confidence=100, planning.waypoints=1, offloadTaskId=udp-probe-735, offloadPayload=1024 bytes}"
5g-udp-sender,1783019812797648781,edge4av-real-20260702-multiclient-scalability-run-4,p5g-scale-udp-payload-1024-clients-100,scale,guided-planning,udp,veh-73,veh-73,rsu-1,p5g-scale-udp-payload-1024-clients-100-veh-73-736,ipi-session-1,multiclient-scalability-run-4,veh-73,736,100-clients,default,stationary,unsynced,true,true,clients,100,count,IPI-CooperativeService,1102,1783019812733837697,1783019747981143273,1783019747981166819,1783019812797648781,63.811,,0.024,64816.482,"CooperativeService{guidedPlanning, status=request, vehicleId=0x7665682d3733, requestedHorizonMs=2500, confidence=100, planning.waypoints=1, offloadTaskId=udp-probe-736, offloadPayload=1024 bytes}"
5g-udp-sender,1783019813115694069,edge4av-real-20260702-multiclient-scalability-run-4,p5g-scale-udp-payload-1024-clients-100,scale,guided-planning,udp,veh-73,veh-73,rsu-1,p5g-scale-udp-payload-1024-clients-100-veh-73-737,ipi-session-1,multiclient-scalability-run-4,veh-73,737,100-clients,default,stationary,unsynced,true,true,clients,100,count,IPI-CooperativeService,1102,1783019812997836977,1783019748301711528,1783019748301733429,1783019813115694069,117.857,,0.022,64813.961,"CooperativeService{guidedPlanning, status=request, vehicleId=0x7665682d3733, requestedHorizonMs=2500, confidence=100, planning.waypoints=1, offloadTaskId=udp-probe-737, offloadPayload=1024 bytes}"
5g-udp-sender,1783019813437761757,edge4av-real-20260702-multiclient-scalability-run-4,p5g-scale-udp-payload-1024-clients-100,scale,guided-planning,udp,veh-73,veh-73,rsu-1,p5g-scale-udp-payload-1024-clients-100-veh-73-738,ipi-session-1,multiclient-scalability-run-4,veh-73,738,100-clients,default,stationary,unsynced,true,true,clients,100,count,IPI-CooperativeService,1102,1783019813315844708,1783019748621327058,1783019748621377150,1783019813437761757,121.917,,0.050,64816.385,"CooperativeService{guidedPlanning, status=request, vehicleId=0x7665682d3733, requestedHorizonMs=2500, confidence=100, planning.waypoints=1, offloadTaskId=udp-probe-738, offloadPayload=1024 bytes}"
5g-udp-sender,1783019813775773529,edge4av-real-20260702-multiclient-scalability-run-4,p5g-scale-udp-payload-1024-clients-100,scale,guided-planning,udp,veh-73,veh-73,rsu-1,p5g-scale-udp-payload-1024-clients-100-veh-73-739,ipi-session-1,multiclient-scalability-run-4,veh-73,739,100-clients,default,stationary,unsynced,true,true,clients,100,count,IPI-CooperativeService,1102,1783019813637910622,1783019748962227075,1783019748962277149,1783019813775773529,137.863,,0.050,64813.496,"CooperativeService{guidedPlanning, status=request, vehicleId=0x7665682d3733, requestedHorizonMs=2500, confidence=100, planning.waypoints=1, offloadTaskId=udp-probe-739, offloadPayload=1024 bytes}"
5g-udp-sender,1783019814101706843,edge4av-real-20260702-multiclient-scalability-run-4,p5g-scale-udp-payload-1024-clients-100,scale,guided-planning,udp,veh-73,veh-73,rsu-1,p5g-scale-udp-payload-1024-clients-100-veh-73-740,ipi-session-1,multiclient-scalability-run-4,veh-73,740,100-clients,default,stationary,unsynced,true,true,clients,100,count,IPI-CooperativeService,1102,1783019813975917868,1783019749282942003,1783019749282969098,1783019814101706843,125.789,,0.027,64818.738,"CooperativeService{guidedPlanning, status=request, vehicleId=0x7665682d3733, requestedHorizonMs=2500, confidence=100, planning.waypoints=1, offloadTaskId=udp-probe-740, offloadPayload=1024 bytes}"
5g-udp-sender,1783019814404014725,edge4av-real-20260702-multiclient-scalability-run-4,p5g-scale-udp-payload-1024-clients-100,scale,guided-planning,udp,veh-73,veh-73,rsu-1,p5g-scale-udp-payload-1024-clients-100-veh-73-741,ipi-session-1,multiclient-scalability-run-4,veh-73,741,100-clients,default,stationary,unsynced,true,true,clients,100,count,IPI-CooperativeService,1102,1783019814301857335,1783019749583355417,1783019749583406493,1783019814404014725,102.157,,0.051,64820.608,"CooperativeService{guidedPlanning, status=request, vehicleId=0x7665682d3733, requestedHorizonMs=2500, confidence=100, planning.waypoints=1, offloadTaskId=udp-probe-741, offloadPayload=1024 bytes}"
5g-udp-sender,1783019814689685301,edge4av-real-20260702-multiclient-scalability-run-4,p5g-scale-udp-payload-1024-clients-100,scale,guided-planning,udp,veh-73,veh-73,rsu-1,p5g-scale-udp-payload-1024-clients-100-veh-73-742,ipi-session-1,multiclient-scalability-run-4,veh-73,742,100-clients,default,stationary,unsynced,true,true,clients,100,count,IPI-CooperativeService,1102,1783019814604167573,1783019749873502063,1783019749873551584,1783019814689685301,85.518,,0.050,64816.134,"CooperativeService{guidedPlanning, status=request, vehicleId=0x7665682d3733, requestedHorizonMs=2500, confidence=100, planning.waypoints=1, offloadTaskId=udp-probe-742, offloadPayload=1024 bytes}"
5g-udp-sender,1783019815029803919,edge4av-real-20260702-multiclient-scalability-run-4,p5g-scale-udp-payload-1024-clients-100,scale,guided-planning,udp,veh-73,veh-73,rsu-1,p5g-scale-udp-payload-1024-clients-100-veh-73-743,ipi-session-1,multiclient-scalability-run-4,veh-73,743,100-clients,default,stationary,unsynced,true,true,clients,100,count,IPI-CooperativeService,1102,1783019814889885993,1783019750214518301,1783019750214547244,1783019815029803919,139.918,,0.029,64815.257,"CooperativeService{guidedPlanning, status=request, vehicleId=0x7665682d3733, requestedHorizonMs=2500, confidence=100, planning.waypoints=1, offloadTaskId=udp-probe-743, offloadPayload=1024 bytes}"
5g-udp-sender,1783019815377804376,edge4av-real-20260702-multiclient-scalability-run-4,p5g-scale-udp-payload-1024-clients-100,scale,guided-planning,udp,veh-73,veh-73,rsu-1,p5g-scale-udp-payload-1024-clients-100-veh-73-744,ipi-session-1,multiclient-scalability-run-4,veh-73,744,100-clients,default,stationary,unsynced,true,true,clients,100,count,IPI-CooperativeService,1102,1783019815229963607,1783019750565301970,1783019750565328771,1783019815377804376,147.841,,0.027,64812.476,"CooperativeService{guidedPlanning, status=request, vehicleId=0x7665682d3733, requestedHorizonMs=2500, confidence=100, planning.waypoints=1, offloadTaskId=udp-probe-744, offloadPayload=1024 bytes}"
5g-udp-sender,1783019815711772957,edge4av-real-20260702-multiclient-scalability-run-4,p5g-scale-udp-payload-1024-clients-100,scale,guided-planning,udp,veh-73,veh-73,rsu-1,p5g-scale-udp-payload-1024-clients-100-veh-73-745,ipi-session-1,multiclient-scalability-run-4,veh-73,745,100-clients,default,stationary,unsynced,true,true,clients,100,count,IPI-CooperativeService,1102,1783019815577953854,1783019750895793319,1783019750895821385,1783019815711772957,133.819,,0.028,64815.952,"CooperativeService{guidedPlanning, status=request, vehicleId=0x7665682d3733, requestedHorizonMs=2500, confidence=100, planning.waypoints=1, offloadTaskId=udp-probe-745, offloadPayload=1024 bytes}"
5g-udp-sender,1783019816013731671,edge4av-real-20260702-multiclient-scalability-run-4,p5g-scale-udp-payload-1024-clients-100,scale,guided-planning,udp,veh-73,veh-73,rsu-1,p5g-scale-udp-payload-1024-clients-100-veh-73-746,ipi-session-1,multiclient-scalability-run-4,veh-73,746,100-clients,default,stationary,unsynced,true,true,clients,100,count,IPI-CooperativeService,1102,1783019815911924095,1783019751196041988,1783019751196091527,1783019816013731671,101.808,,0.050,64817.640,"CooperativeService{guidedPlanning, status=request, vehicleId=0x7665682d3733, requestedHorizonMs=2500, confidence=100, planning.waypoints=1, offloadTaskId=udp-probe-746, offloadPayload=1024 bytes}"
5g-udp-sender,1783019816249693713,edge4av-real-20260702-multiclient-scalability-run-4,p5g-scale-udp-payload-1024-clients-100,scale,guided-planning,udp,veh-73,veh-73,rsu-1,p5g-scale-udp-payload-1024-clients-100-veh-73-747,ipi-session-1,multiclient-scalability-run-4,veh-73,747,100-clients,default,stationary,unsynced,true,true,clients,100,count,IPI-CooperativeService,1102,1783019816213884878,1783019751436833119,1783019751436862561,1783019816249693713,35.809,,0.029,64812.831,"CooperativeService{guidedPlanning, status=request, vehicleId=0x7665682d3733, requestedHorizonMs=2500, confidence=100, planning.waypoints=1, offloadTaskId=udp-probe-747, offloadPayload=1024 bytes}"
5g-udp-sender,1783019816501586112,edge4av-real-20260702-multiclient-scalability-run-4,p5g-scale-udp-payload-1024-clients-100,scale,guided-planning,udp,veh-73,veh-73,rsu-1,p5g-scale-udp-payload-1024-clients-100-veh-73-748,ipi-session-1,multiclient-scalability-run-4,veh-73,748,100-clients,default,stationary,unsynced,true,true,clients,100,count,IPI-CooperativeService,1102,1783019816449843450,1783019751686969297,1783019751686995958,1783019816501586112,51.743,,0.027,64814.590,"CooperativeService{guidedPlanning, status=request, vehicleId=0x7665682d3733, requestedHorizonMs=2500, confidence=100, planning.waypoints=1, offloadTaskId=udp-probe-748, offloadPayload=1024 bytes}"
5g-udp-sender,1783019816735790139,edge4av-real-20260702-multiclient-scalability-run-4,p5g-scale-udp-payload-1024-clients-100,scale,guided-planning,udp,veh-73,veh-73,rsu-1,p5g-scale-udp-payload-1024-clients-100-veh-73-749,ipi-session-1,multiclient-scalability-run-4,veh-73,749,100-clients,default,stationary,unsynced,true,true,clients,100,count,IPI-CooperativeService,1102,1783019816701780847,1783019751917605577,1783019751917627406,1783019816735790139,34.009,,0.022,64818.163,"CooperativeService{guidedPlanning, status=request, vehicleId=0x7665682d3733, requestedHorizonMs=2500, confidence=100, planning.waypoints=1, offloadTaskId=udp-probe-749, offloadPayload=1024 bytes}"
5g-udp-sender,1783019816991753629,edge4av-real-20260702-multiclient-scalability-run-4,p5g-scale-udp-payload-1024-clients-100,scale,guided-planning,udp,veh-73,veh-73,rsu-1,p5g-scale-udp-payload-1024-clients-100-veh-73-750,ipi-session-1,multiclient-scalability-run-4,veh-73,750,100-clients,default,stationary,unsynced,true,true,clients,100,count,IPI-CooperativeService,1102,1783019816935947857,1783019752178113407,1783019752178136414,1783019816991753629,55.806,,0.023,64813.617,"CooperativeService{guidedPlanning, status=request, vehicleId=0x7665682d3733, requestedHorizonMs=2500, confidence=100, planning.waypoints=1, offloadTaskId=udp-probe-750, offloadPayload=1024 bytes}"
5g-udp-sender,1783019817289091859,edge4av-real-20260702-multiclient-scalability-run-4,p5g-scale-udp-payload-1024-clients-100,scale,guided-planning,udp,veh-73,veh-73,rsu-1,p5g-scale-udp-payload-1024-clients-100-veh-73-751,ipi-session-1,multiclient-scalability-run-4,veh-73,751,100-clients,default,stationary,unsynced,true,true,clients,100,count,IPI-CooperativeService,1102,1783019817191901637,1783019752478214724,1783019752478264420,1783019817289091859,97.190,,0.050,64810.827,"CooperativeService{guidedPlanning, status=request, vehicleId=0x7665682d3733, requestedHorizonMs=2500, confidence=100, planning.waypoints=1, offloadTaskId=udp-probe-751, offloadPayload=1024 bytes}"
5g-udp-sender,1783019817511772582,edge4av-real-20260702-multiclient-scalability-run-4,p5g-scale-udp-payload-1024-clients-100,scale,guided-planning,udp,veh-73,veh-73,rsu-1,p5g-scale-udp-payload-1024-clients-100-veh-73-752,ipi-session-1,multiclient-scalability-run-4,veh-73,752,100-clients,default,stationary,unsynced,true,true,clients,100,count,IPI-CooperativeService,1102,1783019817489242256,1783019752698974980,1783019752698998657,1783019817511772582,22.530,,0.024,64812.774,"CooperativeService{guidedPlanning, status=request, vehicleId=0x7665682d3733, requestedHorizonMs=2500, confidence=100, planning.waypoints=1, offloadTaskId=udp-probe-752, offloadPayload=1024 bytes}"
5g-udp-sender,1783019817787802858,edge4av-real-20260702-multiclient-scalability-run-4,p5g-scale-udp-payload-1024-clients-100,scale,guided-planning,udp,veh-73,veh-73,rsu-1,p5g-scale-udp-payload-1024-clients-100-veh-73-753,ipi-session-1,multiclient-scalability-run-4,veh-73,753,100-clients,default,stationary,unsynced,true,true,clients,100,count,IPI-CooperativeService,1102,1783019817711919986,1783019752969295767,1783019752969318774,1783019817787802858,75.883,,0.023,64818.484,"CooperativeService{guidedPlanning, status=request, vehicleId=0x7665682d3733, requestedHorizonMs=2500, confidence=100, planning.waypoints=1, offloadTaskId=udp-probe-753, offloadPayload=1024 bytes}"
5g-udp-sender,1783019818025683315,edge4av-real-20260702-multiclient-scalability-run-4,p5g-scale-udp-payload-1024-clients-100,scale,guided-planning,udp,veh-73,veh-73,rsu-1,p5g-scale-udp-payload-1024-clients-100-veh-73-754,ipi-session-1,multiclient-scalability-run-4,veh-73,754,100-clients,default,stationary,unsynced,true,true,clients,100,count,IPI-CooperativeService,1102,1783019817987951352,1783019753209601613,1783019753209628403,1783019818025683315,37.732,,0.027,64816.055,"CooperativeService{guidedPlanning, status=request, vehicleId=0x7665682d3733, requestedHorizonMs=2500, confidence=100, planning.waypoints=1, offloadTaskId=udp-probe-754, offloadPayload=1024 bytes}"
5g-udp-sender,1783019818263750349,edge4av-real-20260702-multiclient-scalability-run-4,p5g-scale-udp-payload-1024-clients-100,scale,guided-planning,udp,veh-73,veh-73,rsu-1,p5g-scale-udp-payload-1024-clients-100-veh-73-755,ipi-session-1,multiclient-scalability-run-4,veh-73,755,100-clients,default,stationary,unsynced,true,true,clients,100,count,IPI-CooperativeService,1102,1783019818225869728,1783019753450166851,1783019753450193961,1783019818263750349,37.881,,0.027,64813.556,"CooperativeService{guidedPlanning, status=request, vehicleId=0x7665682d3733, requestedHorizonMs=2500, confidence=100, planning.waypoints=1, offloadTaskId=udp-probe-755, offloadPayload=1024 bytes}"
5g-udp-sender,1783019818503771801,edge4av-real-20260702-multiclient-scalability-run-4,p5g-scale-udp-payload-1024-clients-100,scale,guided-planning,udp,veh-73,veh-73,rsu-1,p5g-scale-udp-payload-1024-clients-100-veh-73-756,ipi-session-1,multiclient-scalability-run-4,veh-73,756,100-clients,default,stationary,unsynced,true,true,clients,100,count,IPI-CooperativeService,1102,1783019818463917203,1783019753690899459,1783019753690921530,1783019818503771801,39.855,,0.022,64812.850,"CooperativeService{guidedPlanning, status=request, vehicleId=0x7665682d3733, requestedHorizonMs=2500, confidence=100, planning.waypoints=1, offloadTaskId=udp-probe-756, offloadPayload=1024 bytes}"
5g-udp-sender,1783019818753698735,edge4av-real-20260702-multiclient-scalability-run-4,p5g-scale-udp-payload-1024-clients-100,scale,guided-planning,udp,veh-73,veh-73,rsu-1,p5g-scale-udp-payload-1024-clients-100-veh-73-757,ipi-session-1,multiclient-scalability-run-4,veh-73,757,100-clients,default,stationary,unsynced,true,true,clients,100,count,IPI-CooperativeService,1102,1783019818703919331,1783019753940907927,1783019753940935199,1783019818753698735,49.779,,0.027,64812.764,"CooperativeService{guidedPlanning, status=request, vehicleId=0x7665682d3733, requestedHorizonMs=2500, confidence=100, planning.waypoints=1, offloadTaskId=udp-probe-757, offloadPayload=1024 bytes}"
5g-udp-sender,1783019819027642248,edge4av-real-20260702-multiclient-scalability-run-4,p5g-scale-udp-payload-1024-clients-100,scale,guided-planning,udp,veh-73,veh-73,rsu-1,p5g-scale-udp-payload-1024-clients-100-veh-73-758,ipi-session-1,multiclient-scalability-run-4,veh-73,758,100-clients,default,stationary,unsynced,true,true,clients,100,count,IPI-CooperativeService,1102,1783019818953872039,1783019754211571493,1783019754211597451,1783019819027642248,73.770,,0.026,64816.045,"CooperativeService{guidedPlanning, status=request, vehicleId=0x7665682d3733, requestedHorizonMs=2500, confidence=100, planning.waypoints=1, offloadTaskId=udp-probe-758, offloadPayload=1024 bytes}"
5g-udp-sender,1783019819293698219,edge4av-real-20260702-multiclient-scalability-run-4,p5g-scale-udp-payload-1024-clients-100,scale,guided-planning,udp,veh-73,veh-73,rsu-1,p5g-scale-udp-payload-1024-clients-100-veh-73-759,ipi-session-1,multiclient-scalability-run-4,veh-73,759,100-clients,default,stationary,unsynced,true,true,clients,100,count,IPI-CooperativeService,1102,1783019819227792839,1783019754481572924,1783019754481639156,1783019819293698219,65.905,,0.066,64812.059,"CooperativeService{guidedPlanning, status=request, vehicleId=0x7665682d3733, requestedHorizonMs=2500, confidence=100, planning.waypoints=1, offloadTaskId=udp-probe-759, offloadPayload=1024 bytes}"
5g-udp-sender,1783019819521801237,edge4av-real-20260702-multiclient-scalability-run-4,p5g-scale-udp-payload-1024-clients-100,scale,guided-planning,udp,veh-73,veh-73,rsu-1,p5g-scale-udp-payload-1024-clients-100-veh-73-760,ipi-session-1,multiclient-scalability-run-4,veh-73,760,100-clients,default,stationary,unsynced,true,true,clients,100,count,IPI-CooperativeService,1102,1783019819493847581,1783019754702396259,1783019754702418788,1783019819521801237,27.954,,0.023,64819.382,"CooperativeService{guidedPlanning, status=request, vehicleId=0x7665682d3733, requestedHorizonMs=2500, confidence=100, planning.waypoints=1, offloadTaskId=udp-probe-760, offloadPayload=1024 bytes}"
5g-udp-sender,1783019819779838379,edge4av-real-20260702-multiclient-scalability-run-4,p5g-scale-udp-payload-1024-clients-100,scale,guided-planning,udp,veh-73,veh-73,rsu-1,p5g-scale-udp-payload-1024-clients-100-veh-73-761,ipi-session-1,multiclient-scalability-run-4,veh-73,761,100-clients,default,stationary,unsynced,true,true,clients,100,count,IPI-CooperativeService,1102,1783019819721993271,1783019754962890261,1783019754962916007,1783019819779838379,57.845,,0.026,64816.922,"CooperativeService{guidedPlanning, status=request, vehicleId=0x7665682d3733, requestedHorizonMs=2500, confidence=100, planning.waypoints=1, offloadTaskId=udp-probe-761, offloadPayload=1024 bytes}"
5g-udp-sender,1783019820021715588,edge4av-real-20260702-multiclient-scalability-run-4,p5g-scale-udp-payload-1024-clients-100,scale,guided-planning,udp,veh-73,veh-73,rsu-1,p5g-scale-udp-payload-1024-clients-100-veh-73-762,ipi-session-1,multiclient-scalability-run-4,veh-73,762,100-clients,default,stationary,unsynced,true,true,clients,100,count,IPI-CooperativeService,1102,1783019819980013903,1783019755203144866,1783019755203170990,1783019820021715588,41.702,,0.026,64818.545,"CooperativeService{guidedPlanning, status=request, vehicleId=0x7665682d3733, requestedHorizonMs=2500, confidence=100, planning.waypoints=1, offloadTaskId=udp-probe-762, offloadPayload=1024 bytes}"
5g-udp-sender,1783019820251744658,edge4av-real-20260702-multiclient-scalability-run-4,p5g-scale-udp-payload-1024-clients-100,scale,guided-planning,udp,veh-73,veh-73,rsu-1,p5g-scale-udp-payload-1024-clients-100-veh-73-763,ipi-session-1,multiclient-scalability-run-4,veh-73,763,100-clients,default,stationary,unsynced,true,true,clients,100,count,IPI-CooperativeService,1102,1783019820221879594,1783019755433675307,1783019755433701191,1783019820251744658,29.865,,0.026,64818.043,"CooperativeService{guidedPlanning, status=request, vehicleId=0x7665682d3733, requestedHorizonMs=2500, confidence=100, planning.waypoints=1, offloadTaskId=udp-probe-763, offloadPayload=1024 bytes}"
5g-udp-sender,1783019820487705008,edge4av-real-20260702-multiclient-scalability-run-4,p5g-scale-udp-payload-1024-clients-100,scale,guided-planning,udp,veh-73,veh-73,rsu-1,p5g-scale-udp-payload-1024-clients-100-veh-73-764,ipi-session-1,multiclient-scalability-run-4,veh-73,764,100-clients,default,stationary,unsynced,true,true,clients,100,count,IPI-CooperativeService,1102,1783019820451896031,1783019755674115230,1783019755674141235,1783019820487705008,35.809,,0.026,64813.564,"CooperativeService{guidedPlanning, status=request, vehicleId=0x7665682d3733, requestedHorizonMs=2500, confidence=100, planning.waypoints=1, offloadTaskId=udp-probe-764, offloadPayload=1024 bytes}"
5g-udp-sender,1783019820729951858,edge4av-real-20260702-multiclient-scalability-run-4,p5g-scale-udp-payload-1024-clients-100,scale,guided-planning,udp,veh-73,veh-73,rsu-1,p5g-scale-udp-payload-1024-clients-100-veh-73-765,ipi-session-1,multiclient-scalability-run-4,veh-73,765,100-clients,default,stationary,unsynced,true,true,clients,100,count,IPI-CooperativeService,1102,1783019820687853841,1783019755914148460,1783019755914171606,1783019820729951858,42.098,,0.023,64815.780,"CooperativeService{guidedPlanning, status=request, vehicleId=0x7665682d3733, requestedHorizonMs=2500, confidence=100, planning.waypoints=1, offloadTaskId=udp-probe-765, offloadPayload=1024 bytes}"
5g-udp-sender,1783019820999707024,edge4av-real-20260702-multiclient-scalability-run-4,p5g-scale-udp-payload-1024-clients-100,scale,guided-planning,udp,veh-73,veh-73,rsu-1,p5g-scale-udp-payload-1024-clients-100-veh-73-766,ipi-session-1,multiclient-scalability-run-4,veh-73,766,100-clients,default,stationary,unsynced,true,true,clients,100,count,IPI-CooperativeService,1102,1783019820930099290,1783019756174917272,1783019756174940379,1783019820999707024,69.608,,0.023,64824.767,"CooperativeService{guidedPlanning, status=request, vehicleId=0x7665682d3733, requestedHorizonMs=2500, confidence=100, planning.waypoints=1, offloadTaskId=udp-probe-766, offloadPayload=1024 bytes}"
5g-udp-sender,1783019821271709938,edge4av-real-20260702-multiclient-scalability-run-4,p5g-scale-udp-payload-1024-clients-100,scale,guided-planning,udp,veh-73,veh-73,rsu-1,p5g-scale-udp-payload-1024-clients-100-veh-73-767,ipi-session-1,multiclient-scalability-run-4,veh-73,767,100-clients,default,stationary,unsynced,true,true,clients,100,count,IPI-CooperativeService,1102,1783019821199896901,1783019756455517551,1783019756455540646,1783019821271709938,71.813,,0.023,64816.169,"CooperativeService{guidedPlanning, status=request, vehicleId=0x7665682d3733, requestedHorizonMs=2500, confidence=100, planning.waypoints=1, offloadTaskId=udp-probe-767, offloadPayload=1024 bytes}"
5g-udp-sender,1783019821511692286,edge4av-real-20260702-multiclient-scalability-run-4,p5g-scale-udp-payload-1024-clients-100,scale,guided-planning,udp,veh-73,veh-73,rsu-1,p5g-scale-udp-payload-1024-clients-100-veh-73-768,ipi-session-1,multiclient-scalability-run-4,veh-73,768,100-clients,default,stationary,unsynced,true,true,clients,100,count,IPI-CooperativeService,1102,1783019821471861631,1783019756695660203,1783019756695688464,1783019821511692286,39.831,,0.028,64816.004,"CooperativeService{guidedPlanning, status=request, vehicleId=0x7665682d3733, requestedHorizonMs=2500, confidence=100, planning.waypoints=1, offloadTaskId=udp-probe-768, offloadPayload=1024 bytes}"
5g-udp-sender,1783019821749763156,edge4av-real-20260702-multiclient-scalability-run-4,p5g-scale-udp-payload-1024-clients-100,scale,guided-planning,udp,veh-73,veh-73,rsu-1,p5g-scale-udp-payload-1024-clients-100-veh-73-769,ipi-session-1,multiclient-scalability-run-4,veh-73,769,100-clients,default,stationary,unsynced,true,true,clients,100,count,IPI-CooperativeService,1102,1783019821711850108,1783019756935946145,1783019756935973392,1783019821749763156,37.913,,0.027,64813.790,"CooperativeService{guidedPlanning, status=request, vehicleId=0x7665682d3733, requestedHorizonMs=2500, confidence=100, planning.waypoints=1, offloadTaskId=udp-probe-769, offloadPayload=1024 bytes}"
5g-udp-sender,1783019821989784181,edge4av-real-20260702-multiclient-scalability-run-4,p5g-scale-udp-payload-1024-clients-100,scale,guided-planning,udp,veh-73,veh-73,rsu-1,p5g-scale-udp-payload-1024-clients-100-veh-73-770,ipi-session-1,multiclient-scalability-run-4,veh-73,770,100-clients,default,stationary,unsynced,true,true,clients,100,count,IPI-CooperativeService,1102,1783019821949911575,1783019757176640372,1783019757176663841,1783019821989784181,39.873,,0.023,64813.120,"CooperativeService{guidedPlanning, status=request, vehicleId=0x7665682d3733, requestedHorizonMs=2500, confidence=100, planning.waypoints=1, offloadTaskId=udp-probe-770, offloadPayload=1024 bytes}"
5g-udp-sender,1783019822231837084,edge4av-real-20260702-multiclient-scalability-run-4,p5g-scale-udp-payload-1024-clients-100,scale,guided-planning,udp,veh-73,veh-73,rsu-1,p5g-scale-udp-payload-1024-clients-100-veh-73-771,ipi-session-1,multiclient-scalability-run-4,veh-73,771,100-clients,default,stationary,unsynced,true,true,clients,100,count,IPI-CooperativeService,1102,1783019822189933179,1783019757417204552,1783019757417227721,1783019822231837084,41.904,,0.023,64814.609,"CooperativeService{guidedPlanning, status=request, vehicleId=0x7665682d3733, requestedHorizonMs=2500, confidence=100, planning.waypoints=1, offloadTaskId=udp-probe-771, offloadPayload=1024 bytes}"
5g-udp-sender,1783019822459787446,edge4av-real-20260702-multiclient-scalability-run-4,p5g-scale-udp-payload-1024-clients-100,scale,guided-planning,udp,veh-73,veh-73,rsu-1,p5g-scale-udp-payload-1024-clients-100-veh-73-772,ipi-session-1,multiclient-scalability-run-4,veh-73,772,100-clients,default,stationary,unsynced,true,true,clients,100,count,IPI-CooperativeService,1102,1783019822431982626,1783019757647583111,1783019757647605729,1783019822459787446,27.805,,0.023,64812.182,"CooperativeService{guidedPlanning, status=request, vehicleId=0x7665682d3733, requestedHorizonMs=2500, confidence=100, planning.waypoints=1, offloadTaskId=udp-probe-772, offloadPayload=1024 bytes}"
5g-udp-sender,1783019822701868237,edge4av-real-20260702-multiclient-scalability-run-4,p5g-scale-udp-payload-1024-clients-100,scale,guided-planning,udp,veh-73,veh-73,rsu-1,p5g-scale-udp-payload-1024-clients-100-veh-73-773,ipi-session-1,multiclient-scalability-run-4,veh-73,773,100-clients,default,stationary,unsynced,true,true,clients,100,count,IPI-CooperativeService,1102,1783019822659976909,1783019757887979694,1783019757888004602,1783019822701868237,41.891,,0.025,64813.864,"CooperativeService{guidedPlanning, status=request, vehicleId=0x7665682d3733, requestedHorizonMs=2500, confidence=100, planning.waypoints=1, offloadTaskId=udp-probe-773, offloadPayload=1024 bytes}"
5g-udp-sender,1783019822965802589,edge4av-real-20260702-multiclient-scalability-run-4,p5g-scale-udp-payload-1024-clients-100,scale,guided-planning,udp,veh-73,veh-73,rsu-1,p5g-scale-udp-payload-1024-clients-100-veh-73-774,ipi-session-1,multiclient-scalability-run-4,veh-73,774,100-clients,default,stationary,unsynced,true,true,clients,100,count,IPI-CooperativeService,1102,1783019822902013189,1783019758148359168,1783019758148383702,1783019822965802589,63.789,,0.025,64817.419,"CooperativeService{guidedPlanning, status=request, vehicleId=0x7665682d3733, requestedHorizonMs=2500, confidence=100, planning.waypoints=1, offloadTaskId=udp-probe-774, offloadPayload=1024 bytes}"
5g-udp-sender,1783019823225733950,edge4av-real-20260702-multiclient-scalability-run-4,p5g-scale-udp-payload-1024-clients-100,scale,guided-planning,udp,veh-73,veh-73,rsu-1,p5g-scale-udp-payload-1024-clients-100-veh-73-775,ipi-session-1,multiclient-scalability-run-4,veh-73,775,100-clients,default,stationary,unsynced,true,true,clients,100,count,IPI-CooperativeService,1102,1783019823165951194,1783019758408397982,1783019758408422180,1783019823225733950,59.783,,0.024,64817.312,"CooperativeService{guidedPlanning, status=request, vehicleId=0x7665682d3733, requestedHorizonMs=2500, confidence=100, planning.waypoints=1, offloadTaskId=udp-probe-775, offloadPayload=1024 bytes}"
5g-udp-sender,1783019823455925613,edge4av-real-20260702-multiclient-scalability-run-4,p5g-scale-udp-payload-1024-clients-100,scale,guided-planning,udp,veh-73,veh-73,rsu-1,p5g-scale-udp-payload-1024-clients-100-veh-73-776,ipi-session-1,multiclient-scalability-run-4,veh-73,776,100-clients,default,stationary,unsynced,true,true,clients,100,count,IPI-CooperativeService,1102,1783019823425884212,1783019758639373812,1783019758639398924,1783019823455925613,30.041,,0.025,64816.527,"CooperativeService{guidedPlanning, status=request, vehicleId=0x7665682d3733, requestedHorizonMs=2500, confidence=100, planning.waypoints=1, offloadTaskId=udp-probe-776, offloadPayload=1024 bytes}"
5g-udp-sender,1783019823711136184,edge4av-real-20260702-multiclient-scalability-run-4,p5g-scale-udp-payload-1024-clients-100,scale,guided-planning,udp,veh-73,veh-73,rsu-1,p5g-scale-udp-payload-1024-clients-100-veh-73-777,ipi-session-1,multiclient-scalability-run-4,veh-73,777,100-clients,default,stationary,unsynced,true,true,clients,100,count,IPI-CooperativeService,1102,1783019823656074149,1783019758889747685,1783019758889769393,1783019823711136184,55.062,,0.022,64821.367,"CooperativeService{guidedPlanning, status=request, vehicleId=0x7665682d3733, requestedHorizonMs=2500, confidence=100, planning.waypoints=1, offloadTaskId=udp-probe-777, offloadPayload=1024 bytes}"
5g-udp-sender,1783019823957788333,edge4av-real-20260702-multiclient-scalability-run-4,p5g-scale-udp-payload-1024-clients-100,scale,guided-planning,udp,veh-73,veh-73,rsu-1,p5g-scale-udp-payload-1024-clients-100-veh-73-778,ipi-session-1,multiclient-scalability-run-4,veh-73,778,100-clients,default,stationary,unsynced,true,true,clients,100,count,IPI-CooperativeService,1102,1783019823911288969,1783019759140097949,1783019759140144064,1783019823957788333,46.499,,0.046,64817.644,"CooperativeService{guidedPlanning, status=request, vehicleId=0x7665682d3733, requestedHorizonMs=2500, confidence=100, planning.waypoints=1, offloadTaskId=udp-probe-778, offloadPayload=1024 bytes}"
5g-udp-sender,1783019824195832972,edge4av-real-20260702-multiclient-scalability-run-4,p5g-scale-udp-payload-1024-clients-100,scale,guided-planning,udp,veh-73,veh-73,rsu-1,p5g-scale-udp-payload-1024-clients-100-veh-73-779,ipi-session-1,multiclient-scalability-run-4,veh-73,779,100-clients,default,stationary,unsynced,true,true,clients,100,count,IPI-CooperativeService,1102,1783019824157973018,1783019759379877770,1783019759379927341,1783019824195832972,37.860,,0.050,64815.906,"CooperativeService{guidedPlanning, status=request, vehicleId=0x7665682d3733, requestedHorizonMs=2500, confidence=100, planning.waypoints=1, offloadTaskId=udp-probe-779, offloadPayload=1024 bytes}"
5g-udp-sender,1783019824433727282,edge4av-real-20260702-multiclient-scalability-run-4,p5g-scale-udp-payload-1024-clients-100,scale,guided-planning,udp,veh-73,veh-73,rsu-1,p5g-scale-udp-payload-1024-clients-100-veh-73-780,ipi-session-1,multiclient-scalability-run-4,veh-73,780,100-clients,default,stationary,unsynced,true,true,clients,100,count,IPI-CooperativeService,1102,1783019824395978920,1783019759620694061,1783019759620720510,1783019824433727282,37.748,,0.026,64813.007,"CooperativeService{guidedPlanning, status=request, vehicleId=0x7665682d3733, requestedHorizonMs=2500, confidence=100, planning.waypoints=1, offloadTaskId=udp-probe-780, offloadPayload=1024 bytes}"
5g-udp-sender,1783019824672131191,edge4av-real-20260702-multiclient-scalability-run-4,p5g-scale-udp-payload-1024-clients-100,scale,guided-planning,udp,veh-73,veh-73,rsu-1,p5g-scale-udp-payload-1024-clients-100-veh-73-781,ipi-session-1,multiclient-scalability-run-4,veh-73,781,100-clients,default,stationary,unsynced,true,true,clients,100,count,IPI-CooperativeService,1102,1783019824633871914,1783019759860621386,1783019759860699037,1783019824672131191,38.259,,0.078,64811.432,"CooperativeService{guidedPlanning, status=request, vehicleId=0x7665682d3733, requestedHorizonMs=2500, confidence=100, planning.waypoints=1, offloadTaskId=udp-probe-781, offloadPayload=1024 bytes}"
5g-udp-sender,1783019824913701016,edge4av-real-20260702-multiclient-scalability-run-4,p5g-scale-udp-payload-1024-clients-100,scale,guided-planning,udp,veh-73,veh-73,rsu-1,p5g-scale-udp-payload-1024-clients-100-veh-73-782,ipi-session-1,multiclient-scalability-run-4,veh-73,782,100-clients,default,stationary,unsynced,true,true,clients,100,count,IPI-CooperativeService,1102,1783019824872279430,1783019760101007638,1783019760101057794,1783019824913701016,41.422,,0.050,64812.643,"CooperativeService{guidedPlanning, status=request, vehicleId=0x7665682d3733, requestedHorizonMs=2500, confidence=100, planning.waypoints=1, offloadTaskId=udp-probe-782, offloadPayload=1024 bytes}"
5g-udp-sender,1783019825145811199,edge4av-real-20260702-multiclient-scalability-run-4,p5g-scale-udp-payload-1024-clients-100,scale,guided-planning,udp,veh-73,veh-73,rsu-1,p5g-scale-udp-payload-1024-clients-100-veh-73-783,ipi-session-1,multiclient-scalability-run-4,veh-73,783,100-clients,default,stationary,unsynced,true,true,clients,100,count,IPI-CooperativeService,1102,1783019825113853744,1783019760332113884,1783019760332136925,1783019825145811199,31.957,,0.023,64813.674,"CooperativeService{guidedPlanning, status=request, vehicleId=0x7665682d3733, requestedHorizonMs=2500, confidence=100, planning.waypoints=1, offloadTaskId=udp-probe-783, offloadPayload=1024 bytes}"
5g-udp-sender,1783019825391751407,edge4av-real-20260702-multiclient-scalability-run-4,p5g-scale-udp-payload-1024-clients-100,scale,guided-planning,udp,veh-73,veh-73,rsu-1,p5g-scale-udp-payload-1024-clients-100-veh-73-784,ipi-session-1,multiclient-scalability-run-4,veh-73,784,100-clients,default,stationary,unsynced,true,true,clients,100,count,IPI-CooperativeService,1102,1783019825345966957,1783019760572631717,1783019760572655280,1783019825391751407,45.784,,0.024,64819.096,"CooperativeService{guidedPlanning, status=request, vehicleId=0x7665682d3733, requestedHorizonMs=2500, confidence=100, planning.waypoints=1, offloadTaskId=udp-probe-784, offloadPayload=1024 bytes}"
5g-udp-sender,1783019825655699042,edge4av-real-20260702-multiclient-scalability-run-4,p5g-scale-udp-payload-1024-clients-100,scale,guided-planning,udp,veh-73,veh-73,rsu-1,p5g-scale-udp-payload-1024-clients-100-veh-73-785,ipi-session-1,multiclient-scalability-run-4,veh-73,785,100-clients,default,stationary,unsynced,true,true,clients,100,count,IPI-CooperativeService,1102,1783019825591898648,1783019760842254060,1783019760842304461,1783019825655699042,63.800,,0.050,64813.395,"CooperativeService{guidedPlanning, status=request, vehicleId=0x7665682d3733, requestedHorizonMs=2500, confidence=100, planning.waypoints=1, offloadTaskId=udp-probe-785, offloadPayload=1024 bytes}"
5g-udp-sender,1783019825923869065,edge4av-real-20260702-multiclient-scalability-run-4,p5g-scale-udp-payload-1024-clients-100,scale,guided-planning,udp,veh-73,veh-73,rsu-1,p5g-scale-udp-payload-1024-clients-100-veh-73-786,ipi-session-1,multiclient-scalability-run-4,veh-73,786,100-clients,default,stationary,unsynced,true,true,clients,100,count,IPI-CooperativeService,1102,1783019825855847103,1783019761103031411,1783019761103057979,1783019825923869065,68.022,,0.027,64820.811,"CooperativeService{guidedPlanning, status=request, vehicleId=0x7665682d3733, requestedHorizonMs=2500, confidence=100, planning.waypoints=1, offloadTaskId=udp-probe-786, offloadPayload=1024 bytes}"
5g-udp-sender,1783019826207809178,edge4av-real-20260702-multiclient-scalability-run-4,p5g-scale-udp-payload-1024-clients-100,scale,guided-planning,udp,veh-73,veh-73,rsu-1,p5g-scale-udp-payload-1024-clients-100-veh-73-787,ipi-session-1,multiclient-scalability-run-4,veh-73,787,100-clients,default,stationary,unsynced,true,true,clients,100,count,IPI-CooperativeService,1102,1783019826124015440,1783019761393352839,1783019761393380007,1783019826207809178,83.794,,0.027,64814.429,"CooperativeService{guidedPlanning, status=request, vehicleId=0x7665682d3733, requestedHorizonMs=2500, confidence=100, planning.waypoints=1, offloadTaskId=udp-probe-787, offloadPayload=1024 bytes}"
5g-udp-sender,1783019826497849450,edge4av-real-20260702-multiclient-scalability-run-4,p5g-scale-udp-payload-1024-clients-100,scale,guided-planning,udp,veh-73,veh-73,rsu-1,p5g-scale-udp-payload-1024-clients-100-veh-73-788,ipi-session-1,multiclient-scalability-run-4,veh-73,788,100-clients,default,stationary,unsynced,true,true,clients,100,count,IPI-CooperativeService,1102,1783019826407960633,1783019761683853701,1783019761683902801,1783019826497849450,89.889,,0.049,64813.947,"CooperativeService{guidedPlanning, status=request, vehicleId=0x7665682d3733, requestedHorizonMs=2500, confidence=100, planning.waypoints=1, offloadTaskId=udp-probe-788, offloadPayload=1024 bytes}"
5g-udp-sender,1783019826827095800,edge4av-real-20260702-multiclient-scalability-run-4,p5g-scale-udp-payload-1024-clients-100,scale,guided-planning,udp,veh-73,veh-73,rsu-1,p5g-scale-udp-payload-1024-clients-100-veh-73-789,ipi-session-1,multiclient-scalability-run-4,veh-73,789,100-clients,default,stationary,unsynced,true,true,clients,100,count,IPI-CooperativeService,1102,1783019826697999364,1783019762014348999,1783019762014399781,1783019826827095800,129.096,,0.051,64812.696,"CooperativeService{guidedPlanning, status=request, vehicleId=0x7665682d3733, requestedHorizonMs=2500, confidence=100, planning.waypoints=1, offloadTaskId=udp-probe-789, offloadPayload=1024 bytes}"
5g-udp-sender,1783019827157755662,edge4av-real-20260702-multiclient-scalability-run-4,p5g-scale-udp-payload-1024-clients-100,scale,guided-planning,udp,veh-73,veh-73,rsu-1,p5g-scale-udp-payload-1024-clients-100-veh-73-790,ipi-session-1,multiclient-scalability-run-4,veh-73,790,100-clients,default,stationary,unsynced,true,true,clients,100,count,IPI-CooperativeService,1102,1783019827027255731,1783019762344948178,1783019762344997737,1783019827157755662,130.500,,0.050,64812.758,"CooperativeService{guidedPlanning, status=request, vehicleId=0x7665682d3733, requestedHorizonMs=2500, confidence=100, planning.waypoints=1, offloadTaskId=udp-probe-790, offloadPayload=1024 bytes}"
5g-udp-sender,1783019827483875707,edge4av-real-20260702-multiclient-scalability-run-4,p5g-scale-udp-payload-1024-clients-100,scale,guided-planning,udp,veh-73,veh-73,rsu-1,p5g-scale-udp-payload-1024-clients-100-veh-73-791,ipi-session-1,multiclient-scalability-run-4,veh-73,791,100-clients,default,stationary,unsynced,true,true,clients,100,count,IPI-CooperativeService,1102,1783019827357957850,1783019762665458806,1783019762665485724,1783019827483875707,125.918,,0.027,64818.390,"CooperativeService{guidedPlanning, status=request, vehicleId=0x7665682d3733, requestedHorizonMs=2500, confidence=100, planning.waypoints=1, offloadTaskId=udp-probe-791, offloadPayload=1024 bytes}"
5g-udp-sender,1783019827789863827,edge4av-real-20260702-multiclient-scalability-run-4,p5g-scale-udp-payload-1024-clients-100,scale,guided-planning,udp,veh-73,veh-73,rsu-1,p5g-scale-udp-payload-1024-clients-100-veh-73-792,ipi-session-1,multiclient-scalability-run-4,veh-73,792,100-clients,default,stationary,unsynced,true,true,clients,100,count,IPI-CooperativeService,1102,1783019827684024545,1783019762976321279,1783019762976344523,1783019827789863827,105.839,,0.023,64813.519,"CooperativeService{guidedPlanning, status=request, vehicleId=0x7665682d3733, requestedHorizonMs=2500, confidence=100, planning.waypoints=1, offloadTaskId=udp-probe-792, offloadPayload=1024 bytes}"
5g-udp-sender,1783019828071861437,edge4av-real-20260702-multiclient-scalability-run-4,p5g-scale-udp-payload-1024-clients-100,scale,guided-planning,udp,veh-73,veh-73,rsu-1,p5g-scale-udp-payload-1024-clients-100-veh-73-793,ipi-session-1,multiclient-scalability-run-4,veh-73,793,100-clients,default,stationary,unsynced,true,true,clients,100,count,IPI-CooperativeService,1102,1783019827990015124,1783019763256812056,1783019763256841753,1783019828071861437,81.846,,0.030,64815.020,"CooperativeService{guidedPlanning, status=request, vehicleId=0x7665682d3733, requestedHorizonMs=2500, confidence=100, planning.waypoints=1, offloadTaskId=udp-probe-793, offloadPayload=1024 bytes}"
5g-udp-sender,1783019828373799178,edge4av-real-20260702-multiclient-scalability-run-4,p5g-scale-udp-payload-1024-clients-100,scale,guided-planning,udp,veh-73,veh-73,rsu-1,p5g-scale-udp-payload-1024-clients-100-veh-73-794,ipi-session-1,multiclient-scalability-run-4,veh-73,794,100-clients,default,stationary,unsynced,true,true,clients,100,count,IPI-CooperativeService,1102,1783019828272018993,1783019763557034461,1783019763557084382,1783019828373799178,101.780,,0.050,64816.715,"CooperativeService{guidedPlanning, status=request, vehicleId=0x7665682d3733, requestedHorizonMs=2500, confidence=100, planning.waypoints=1, offloadTaskId=udp-probe-794, offloadPayload=1024 bytes}"
5g-udp-sender,1783019828649841346,edge4av-real-20260702-multiclient-scalability-run-4,p5g-scale-udp-payload-1024-clients-100,scale,guided-planning,udp,veh-73,veh-73,rsu-1,p5g-scale-udp-payload-1024-clients-100-veh-73-795,ipi-session-1,multiclient-scalability-run-4,veh-73,795,100-clients,default,stationary,unsynced,true,true,clients,100,count,IPI-CooperativeService,1102,1783019828573958602,1783019763837177029,1783019763837226206,1783019828649841346,75.883,,0.049,64812.615,"CooperativeService{guidedPlanning, status=request, vehicleId=0x7665682d3733, requestedHorizonMs=2500, confidence=100, planning.waypoints=1, offloadTaskId=udp-probe-795, offloadPayload=1024 bytes}"
5g-udp-sender,1783019828941822189,edge4av-real-20260702-multiclient-scalability-run-4,p5g-scale-udp-payload-1024-clients-100,scale,guided-planning,udp,veh-73,veh-73,rsu-1,p5g-scale-udp-payload-1024-clients-100-veh-73-796,ipi-session-1,multiclient-scalability-run-4,veh-73,796,100-clients,default,stationary,unsynced,true,true,clients,100,count,IPI-CooperativeService,1102,1783019828849944203,1783019764128336817,1783019764128360347,1783019828941822189,91.878,,0.024,64813.462,"CooperativeService{guidedPlanning, status=request, vehicleId=0x7665682d3733, requestedHorizonMs=2500, confidence=100, planning.waypoints=1, offloadTaskId=udp-probe-796, offloadPayload=1024 bytes}"
5g-udp-sender,1783019829235728869,edge4av-real-20260702-multiclient-scalability-run-4,p5g-scale-udp-payload-1024-clients-100,scale,guided-planning,udp,veh-73,veh-73,rsu-1,p5g-scale-udp-payload-1024-clients-100-veh-73-797,ipi-session-1,multiclient-scalability-run-4,veh-73,797,100-clients,default,stationary,unsynced,true,true,clients,100,count,IPI-CooperativeService,1102,1783019829142014853,1783019764418660126,1783019764418689803,1783019829235728869,93.714,,0.030,64817.039,"CooperativeService{guidedPlanning, status=request, vehicleId=0x7665682d3733, requestedHorizonMs=2500, confidence=100, planning.waypoints=1, offloadTaskId=udp-probe-797, offloadPayload=1024 bytes}"
5g-udp-sender,1783019829503885448,edge4av-real-20260702-multiclient-scalability-run-4,p5g-scale-udp-payload-1024-clients-100,scale,guided-planning,udp,veh-73,veh-73,rsu-1,p5g-scale-udp-payload-1024-clients-100-veh-73-798,ipi-session-1,multiclient-scalability-run-4,veh-73,798,100-clients,default,stationary,unsynced,true,true,clients,100,count,IPI-CooperativeService,1102,1783019829435878393,1783019764689141955,1783019764689169104,1783019829503885448,68.007,,0.027,64814.716,"CooperativeService{guidedPlanning, status=request, vehicleId=0x7665682d3733, requestedHorizonMs=2500, confidence=100, planning.waypoints=1, offloadTaskId=udp-probe-798, offloadPayload=1024 bytes}"
5g-udp-sender,1783019829741065987,edge4av-real-20260702-multiclient-scalability-run-4,p5g-scale-udp-payload-1024-clients-100,scale,guided-planning,udp,veh-73,veh-73,rsu-1,p5g-scale-udp-payload-1024-clients-100-veh-73-799,ipi-session-1,multiclient-scalability-run-4,veh-73,799,100-clients,default,stationary,unsynced,true,true,clients,100,count,IPI-CooperativeService,1102,1783019829704029641,1783019764929189579,1783019764929240546,1783019829741065987,37.036,,0.051,64811.825,"CooperativeService{guidedPlanning, status=request, vehicleId=0x7665682d3733, requestedHorizonMs=2500, confidence=100, planning.waypoints=1, offloadTaskId=udp-probe-799, offloadPayload=1024 bytes}"
5g-udp-sender,1783019829985824806,edge4av-real-20260702-multiclient-scalability-run-4,p5g-scale-udp-payload-1024-clients-100,scale,guided-planning,udp,veh-73,veh-73,rsu-1,p5g-scale-udp-payload-1024-clients-100-veh-73-800,ipi-session-1,multiclient-scalability-run-4,veh-73,800,100-clients,default,stationary,unsynced,true,true,clients,100,count,IPI-CooperativeService,1102,1783019829941166209,1783019765169998680,1783019765170021446,1783019829985824806,44.659,,0.023,64815.803,"CooperativeService{guidedPlanning, status=request, vehicleId=0x7665682d3733, requestedHorizonMs=2500, confidence=100, planning.waypoints=1, offloadTaskId=udp-probe-800, offloadPayload=1024 bytes}"
5g-udp-sender,1783019830227878629,edge4av-real-20260702-multiclient-scalability-run-4,p5g-scale-udp-payload-1024-clients-100,scale,guided-planning,udp,veh-73,veh-73,rsu-1,p5g-scale-udp-payload-1024-clients-100-veh-73-801,ipi-session-1,multiclient-scalability-run-4,veh-73,801,100-clients,default,stationary,unsynced,true,true,clients,100,count,IPI-CooperativeService,1102,1783019830185973746,1783019765410376011,1783019765410399121,1783019830227878629,41.905,,0.023,64817.480,"CooperativeService{guidedPlanning, status=request, vehicleId=0x7665682d3733, requestedHorizonMs=2500, confidence=100, planning.waypoints=1, offloadTaskId=udp-probe-801, offloadPayload=1024 bytes}"
5g-udp-sender,1783019830469781458,edge4av-real-20260702-multiclient-scalability-run-4,p5g-scale-udp-payload-1024-clients-100,scale,guided-planning,udp,veh-73,veh-73,rsu-1,p5g-scale-udp-payload-1024-clients-100-veh-73-802,ipi-session-1,multiclient-scalability-run-4,veh-73,802,100-clients,default,stationary,unsynced,true,true,clients,100,count,IPI-CooperativeService,1102,1783019830428028012,1783019765651200082,1783019765651224383,1783019830469781458,41.753,,0.024,64818.557,"CooperativeService{guidedPlanning, status=request, vehicleId=0x7665682d3733, requestedHorizonMs=2500, confidence=100, planning.waypoints=1, offloadTaskId=udp-probe-802, offloadPayload=1024 bytes}"
5g-udp-sender,1783019830703823801,edge4av-real-20260702-multiclient-scalability-run-4,p5g-scale-udp-payload-1024-clients-100,scale,guided-planning,udp,veh-73,veh-73,rsu-1,p5g-scale-udp-payload-1024-clients-100-veh-73-803,ipi-session-1,multiclient-scalability-run-4,veh-73,803,100-clients,default,stationary,unsynced,true,true,clients,100,count,IPI-CooperativeService,1102,1783019830669979688,1783019765891425592,1783019765891454070,1783019830703823801,33.844,,0.028,64812.370,"CooperativeService{guidedPlanning, status=request, vehicleId=0x7665682d3733, requestedHorizonMs=2500, confidence=100, planning.waypoints=1, offloadTaskId=udp-probe-803, offloadPayload=1024 bytes}"
5g-udp-sender,1783019830951854046,edge4av-real-20260702-multiclient-scalability-run-4,p5g-scale-udp-payload-1024-clients-100,scale,guided-planning,udp,veh-73,veh-73,rsu-1,p5g-scale-udp-payload-1024-clients-100-veh-73-804,ipi-session-1,multiclient-scalability-run-4,veh-73,804,100-clients,default,stationary,unsynced,true,true,clients,100,count,IPI-CooperativeService,1102,1783019830903920683,1783019766131680291,1783019766131702846,1783019830951854046,47.933,,0.023,64820.151,"CooperativeService{guidedPlanning, status=request, vehicleId=0x7665682d3733, requestedHorizonMs=2500, confidence=100, planning.waypoints=1, offloadTaskId=udp-probe-804, offloadPayload=1024 bytes}"
5g-udp-sender,1783019831197788699,edge4av-real-20260702-multiclient-scalability-run-4,p5g-scale-udp-payload-1024-clients-100,scale,guided-planning,udp,veh-73,veh-73,rsu-1,p5g-scale-udp-payload-1024-clients-100-veh-73-805,ipi-session-1,multiclient-scalability-run-4,veh-73,805,100-clients,default,stationary,unsynced,true,true,clients,100,count,IPI-CooperativeService,1102,1783019831152004579,1783019766382090678,1783019766382114228,1783019831197788699,45.784,,0.024,64815.674,"CooperativeService{guidedPlanning, status=request, vehicleId=0x7665682d3733, requestedHorizonMs=2500, confidence=100, planning.waypoints=1, offloadTaskId=udp-probe-805, offloadPayload=1024 bytes}"
5g-udp-sender,1783019831449863208,edge4av-real-20260702-multiclient-scalability-run-4,p5g-scale-udp-payload-1024-clients-100,scale,guided-planning,udp,veh-73,veh-73,rsu-1,p5g-scale-udp-payload-1024-clients-100-veh-73-806,ipi-session-1,multiclient-scalability-run-4,veh-73,806,100-clients,default,stationary,unsynced,true,true,clients,100,count,IPI-CooperativeService,1102,1783019831397938912,1783019766632504413,1783019766632526568,1783019831449863208,51.924,,0.022,64817.337,"CooperativeService{guidedPlanning, status=request, vehicleId=0x7665682d3733, requestedHorizonMs=2500, confidence=100, planning.waypoints=1, offloadTaskId=udp-probe-806, offloadPayload=1024 bytes}"
5g-udp-sender,1783019831699860944,edge4av-real-20260702-multiclient-scalability-run-4,p5g-scale-udp-payload-1024-clients-100,scale,guided-planning,udp,veh-73,veh-73,rsu-1,p5g-scale-udp-payload-1024-clients-100-veh-73-807,ipi-session-1,multiclient-scalability-run-4,veh-73,807,100-clients,default,stationary,unsynced,true,true,clients,100,count,IPI-CooperativeService,1102,1783019831650015071,1783019766882933651,1783019766882959328,1783019831699860944,49.846,,0.026,64816.902,"CooperativeService{guidedPlanning, status=request, vehicleId=0x7665682d3733, requestedHorizonMs=2500, confidence=100, planning.waypoints=1, offloadTaskId=udp-probe-807, offloadPayload=1024 bytes}"
5g-udp-sender,1783019831958008510,edge4av-real-20260702-multiclient-scalability-run-4,p5g-scale-udp-payload-1024-clients-100,scale,guided-planning,udp,veh-73,veh-73,rsu-1,p5g-scale-udp-payload-1024-clients-100-veh-73-808,ipi-session-1,multiclient-scalability-run-4,veh-73,808,100-clients,default,stationary,unsynced,true,true,clients,100,count,IPI-CooperativeService,1102,1783019831899967894,1783019767143229282,1783019767143256686,1783019831958008510,58.041,,0.027,64814.752,"CooperativeService{guidedPlanning, status=request, vehicleId=0x7665682d3733, requestedHorizonMs=2500, confidence=100, planning.waypoints=1, offloadTaskId=udp-probe-808, offloadPayload=1024 bytes}"
5g-udp-sender,1783019832201839413,edge4av-real-20260702-multiclient-scalability-run-4,p5g-scale-udp-payload-1024-clients-100,scale,guided-planning,udp,veh-73,veh-73,rsu-1,p5g-scale-udp-payload-1024-clients-100-veh-73-809,ipi-session-1,multiclient-scalability-run-4,veh-73,809,100-clients,default,stationary,unsynced,true,true,clients,100,count,IPI-CooperativeService,1102,1783019832158197663,1783019767383583986,1783019767383610405,1783019832201839413,43.642,,0.026,64818.229,"CooperativeService{guidedPlanning, status=request, vehicleId=0x7665682d3733, requestedHorizonMs=2500, confidence=100, planning.waypoints=1, offloadTaskId=udp-probe-809, offloadPayload=1024 bytes}"
5g-udp-sender,1783019832461780217,edge4av-real-20260702-multiclient-scalability-run-4,p5g-scale-udp-payload-1024-clients-100,scale,guided-planning,udp,veh-73,veh-73,rsu-1,p5g-scale-udp-payload-1024-clients-100-veh-73-810,ipi-session-1,multiclient-scalability-run-4,veh-73,810,100-clients,default,stationary,unsynced,true,true,clients,100,count,IPI-CooperativeService,1102,1783019832401935821,1783019767644179549,1783019767644202337,1783019832461780217,59.844,,0.023,64817.578,"CooperativeService{guidedPlanning, status=request, vehicleId=0x7665682d3733, requestedHorizonMs=2500, confidence=100, planning.waypoints=1, offloadTaskId=udp-probe-810, offloadPayload=1024 bytes}"
5g-udp-sender,1783019832719812271,edge4av-real-20260702-multiclient-scalability-run-4,p5g-scale-udp-payload-1024-clients-100,scale,guided-planning,udp,veh-73,veh-73,rsu-1,p5g-scale-udp-payload-1024-clients-100-veh-73-811,ipi-session-1,multiclient-scalability-run-4,veh-73,811,100-clients,default,stationary,unsynced,true,true,clients,100,count,IPI-CooperativeService,1102,1783019832661884593,1783019767904796602,1783019767904826952,1783019832719812271,57.928,,0.030,64814.985,"CooperativeService{guidedPlanning, status=request, vehicleId=0x7665682d3733, requestedHorizonMs=2500, confidence=100, planning.waypoints=1, offloadTaskId=udp-probe-811, offloadPayload=1024 bytes}"
5g-udp-sender,1783019832959790595,edge4av-real-20260702-multiclient-scalability-run-4,p5g-scale-udp-payload-1024-clients-100,scale,guided-planning,udp,veh-73,veh-73,rsu-1,p5g-scale-udp-payload-1024-clients-100-veh-73-812,ipi-session-1,multiclient-scalability-run-4,veh-73,812,100-clients,default,stationary,unsynced,true,true,clients,100,count,IPI-CooperativeService,1102,1783019832919962217,1783019768144723809,1783019768144774410,1783019832959790595,39.828,,0.051,64815.016,"CooperativeService{guidedPlanning, status=request, vehicleId=0x7665682d3733, requestedHorizonMs=2500, confidence=100, planning.waypoints=1, offloadTaskId=udp-probe-812, offloadPayload=1024 bytes}"
5g-udp-sender,1783019833201876631,edge4av-real-20260702-multiclient-scalability-run-4,p5g-scale-udp-payload-1024-clients-100,scale,guided-planning,udp,veh-73,veh-73,rsu-1,p5g-scale-udp-payload-1024-clients-100-veh-73-813,ipi-session-1,multiclient-scalability-run-4,veh-73,813,100-clients,default,stationary,unsynced,true,true,clients,100,count,IPI-CooperativeService,1102,1783019833159939177,1783019768385537435,1783019768385560724,1783019833201876631,41.937,,0.023,64816.316,"CooperativeService{guidedPlanning, status=request, vehicleId=0x7665682d3733, requestedHorizonMs=2500, confidence=100, planning.waypoints=1, offloadTaskId=udp-probe-813, offloadPayload=1024 bytes}"
5g-udp-sender,1783019833453767145,edge4av-real-20260702-multiclient-scalability-run-4,p5g-scale-udp-payload-1024-clients-100,scale,guided-planning,udp,veh-73,veh-73,rsu-1,p5g-scale-udp-payload-1024-clients-100-veh-73-814,ipi-session-1,multiclient-scalability-run-4,veh-73,814,100-clients,default,stationary,unsynced,true,true,clients,100,count,IPI-CooperativeService,1102,1783019833402025953,1783019768635827189,1783019768635854342,1783019833453767145,51.741,,0.027,64817.913,"CooperativeService{guidedPlanning, status=request, vehicleId=0x7665682d3733, requestedHorizonMs=2500, confidence=100, planning.waypoints=1, offloadTaskId=udp-probe-814, offloadPayload=1024 bytes}"
5g-udp-sender,1783019833689899709,edge4av-real-20260702-multiclient-scalability-run-4,p5g-scale-udp-payload-1024-clients-100,scale,guided-planning,udp,veh-73,veh-73,rsu-1,p5g-scale-udp-payload-1024-clients-100-veh-73-815,ipi-session-1,multiclient-scalability-run-4,veh-73,815,100-clients,default,stationary,unsynced,true,true,clients,100,count,IPI-CooperativeService,1102,1783019833653918793,1783019768876210703,1783019768876258093,1783019833689899709,35.981,,0.047,64813.642,"CooperativeService{guidedPlanning, status=request, vehicleId=0x7665682d3733, requestedHorizonMs=2500, confidence=100, planning.waypoints=1, offloadTaskId=udp-probe-815, offloadPayload=1024 bytes}"
5g-udp-sender,1783019833929892352,edge4av-real-20260702-multiclient-scalability-run-4,p5g-scale-udp-payload-1024-clients-100,scale,guided-planning,udp,veh-73,veh-73,rsu-1,p5g-scale-udp-payload-1024-clients-100-veh-73-816,ipi-session-1,multiclient-scalability-run-4,veh-73,816,100-clients,default,stationary,unsynced,true,true,clients,100,count,IPI-CooperativeService,1102,1783019833890085422,1783019769116886456,1783019769116913973,1783019833929892352,39.807,,0.028,64812.978,"CooperativeService{guidedPlanning, status=request, vehicleId=0x7665682d3733, requestedHorizonMs=2500, confidence=100, planning.waypoints=1, offloadTaskId=udp-probe-816, offloadPayload=1024 bytes}"
5g-udp-sender,1783019834169871975,edge4av-real-20260702-multiclient-scalability-run-4,p5g-scale-udp-payload-1024-clients-100,scale,guided-planning,udp,veh-73,veh-73,rsu-1,p5g-scale-udp-payload-1024-clients-100-veh-73-817,ipi-session-1,multiclient-scalability-run-4,veh-73,817,100-clients,default,stationary,unsynced,true,true,clients,100,count,IPI-CooperativeService,1102,1783019834130044428,1783019769357019041,1783019769357045455,1783019834169871975,39.828,,0.026,64812.827,"CooperativeService{guidedPlanning, status=request, vehicleId=0x7665682d3733, requestedHorizonMs=2500, confidence=100, planning.waypoints=1, offloadTaskId=udp-probe-817, offloadPayload=1024 bytes}"
5g-udp-sender,1783019834406024233,edge4av-real-20260702-multiclient-scalability-run-4,p5g-scale-udp-payload-1024-clients-100,scale,guided-planning,udp,veh-73,veh-73,rsu-1,p5g-scale-udp-payload-1024-clients-100-veh-73-818,ipi-session-1,multiclient-scalability-run-4,veh-73,818,100-clients,default,stationary,unsynced,true,true,clients,100,count,IPI-CooperativeService,1102,1783019834370020754,1783019769587704733,1783019769587727632,1783019834406024233,36.003,,0.023,64818.297,"CooperativeService{guidedPlanning, status=request, vehicleId=0x7665682d3733, requestedHorizonMs=2500, confidence=100, planning.waypoints=1, offloadTaskId=udp-probe-818, offloadPayload=1024 bytes}"
5g-udp-sender,1783019834633748300,edge4av-real-20260702-multiclient-scalability-run-4,p5g-scale-udp-payload-1024-clients-100,scale,guided-planning,udp,veh-73,veh-73,rsu-1,p5g-scale-udp-payload-1024-clients-100-veh-73-819,ipi-session-1,multiclient-scalability-run-4,veh-73,819,100-clients,default,stationary,unsynced,true,true,clients,100,count,IPI-CooperativeService,1102,1783019834606182485,1783019769817936782,1783019769817959898,1783019834633748300,27.566,,0.023,64815.788,"CooperativeService{guidedPlanning, status=request, vehicleId=0x7665682d3733, requestedHorizonMs=2500, confidence=100, planning.waypoints=1, offloadTaskId=udp-probe-819, offloadPayload=1024 bytes}"
5g-udp-sender,1783019834865860303,edge4av-real-20260702-multiclient-scalability-run-4,p5g-scale-udp-payload-1024-clients-100,scale,guided-planning,udp,veh-73,veh-73,rsu-1,p5g-scale-udp-payload-1024-clients-100-veh-73-820,ipi-session-1,multiclient-scalability-run-4,veh-73,820,100-clients,default,stationary,unsynced,true,true,clients,100,count,IPI-CooperativeService,1102,1783019834833903588,1783019770048475844,1783019770048498747,1783019834865860303,31.957,,0.023,64817.362,"CooperativeService{guidedPlanning, status=request, vehicleId=0x7665682d3733, requestedHorizonMs=2500, confidence=100, planning.waypoints=1, offloadTaskId=udp-probe-820, offloadPayload=1024 bytes}"
5g-udp-sender,1783019835111803234,edge4av-real-20260702-multiclient-scalability-run-4,p5g-scale-udp-payload-1024-clients-100,scale,guided-planning,udp,veh-73,veh-73,rsu-1,p5g-scale-udp-payload-1024-clients-100-veh-73-821,ipi-session-1,multiclient-scalability-run-4,veh-73,821,100-clients,default,stationary,unsynced,true,true,clients,100,count,IPI-CooperativeService,1102,1783019835066022765,1783019770298925688,1783019770298949128,1783019835111803234,45.780,,0.023,64812.854,"CooperativeService{guidedPlanning, status=request, vehicleId=0x7665682d3733, requestedHorizonMs=2500, confidence=100, planning.waypoints=1, offloadTaskId=udp-probe-821, offloadPayload=1024 bytes}"
5g-udp-sender,1783019835365780103,edge4av-real-20260702-multiclient-scalability-run-4,p5g-scale-udp-payload-1024-clients-100,scale,guided-planning,udp,veh-73,veh-73,rsu-1,p5g-scale-udp-payload-1024-clients-100-veh-73-822,ipi-session-1,multiclient-scalability-run-4,veh-73,822,100-clients,default,stationary,unsynced,true,true,clients,100,count,IPI-CooperativeService,1102,1783019835311994234,1783019770549059532,1783019770549086781,1783019835365780103,53.786,,0.027,64816.693,"CooperativeService{guidedPlanning, status=request, vehicleId=0x7665682d3733, requestedHorizonMs=2500, confidence=100, planning.waypoints=1, offloadTaskId=udp-probe-822, offloadPayload=1024 bytes}"
5g-udp-sender,1783019835612069554,edge4av-real-20260702-multiclient-scalability-run-4,p5g-scale-udp-payload-1024-clients-100,scale,guided-planning,udp,veh-73,veh-73,rsu-1,p5g-scale-udp-payload-1024-clients-100-veh-73-823,ipi-session-1,multiclient-scalability-run-4,veh-73,823,100-clients,default,stationary,unsynced,true,true,clients,100,count,IPI-CooperativeService,1102,1783019835565929442,1783019770799147450,1783019770799197323,1783019835612069554,46.140,,0.050,64812.872,"CooperativeService{guidedPlanning, status=request, vehicleId=0x7665682d3733, requestedHorizonMs=2500, confidence=100, planning.waypoints=1, offloadTaskId=udp-probe-823, offloadPayload=1024 bytes}"
5g-udp-sender,1783019835867809929,edge4av-real-20260702-multiclient-scalability-run-4,p5g-scale-udp-payload-1024-clients-100,scale,guided-planning,udp,veh-73,veh-73,rsu-1,p5g-scale-udp-payload-1024-clients-100-veh-73-824,ipi-session-1,multiclient-scalability-run-4,veh-73,824,100-clients,default,stationary,unsynced,true,true,clients,100,count,IPI-CooperativeService,1102,1783019835812219409,1783019771050040263,1783019771050067265,1783019835867809929,55.591,,0.027,64817.743,"CooperativeService{guidedPlanning, status=request, vehicleId=0x7665682d3733, requestedHorizonMs=2500, confidence=100, planning.waypoints=1, offloadTaskId=udp-probe-824, offloadPayload=1024 bytes}"
5g-udp-sender,1783019836113932241,edge4av-real-20260702-multiclient-scalability-run-4,p5g-scale-udp-payload-1024-clients-100,scale,guided-planning,udp,veh-73,veh-73,rsu-1,p5g-scale-udp-payload-1024-clients-100-veh-73-825,ipi-session-1,multiclient-scalability-run-4,veh-73,825,100-clients,default,stationary,unsynced,true,true,clients,100,count,IPI-CooperativeService,1102,1783019836067960457,1783019771300713398,1783019771300740723,1783019836113932241,45.972,,0.027,64813.192,"CooperativeService{guidedPlanning, status=request, vehicleId=0x7665682d3733, requestedHorizonMs=2500, confidence=100, planning.waypoints=1, offloadTaskId=udp-probe-825, offloadPayload=1024 bytes}"
5g-udp-sender,1783019836367744634,edge4av-real-20260702-multiclient-scalability-run-4,p5g-scale-udp-payload-1024-clients-100,scale,guided-planning,udp,veh-73,veh-73,rsu-1,p5g-scale-udp-payload-1024-clients-100-veh-73-826,ipi-session-1,multiclient-scalability-run-4,veh-73,826,100-clients,default,stationary,unsynced,true,true,clients,100,count,IPI-CooperativeService,1102,1783019836314093933,1783019771551296173,1783019771551318673,1783019836367744634,53.651,,0.022,64816.426,"CooperativeService{guidedPlanning, status=request, vehicleId=0x7665682d3733, requestedHorizonMs=2500, confidence=100, planning.waypoints=1, offloadTaskId=udp-probe-826, offloadPayload=1024 bytes}"
5g-udp-sender,1783019836605817626,edge4av-real-20260702-multiclient-scalability-run-4,p5g-scale-udp-payload-1024-clients-100,scale,guided-planning,udp,veh-73,veh-73,rsu-1,p5g-scale-udp-payload-1024-clients-100-veh-73-827,ipi-session-1,multiclient-scalability-run-4,veh-73,827,100-clients,default,stationary,unsynced,true,true,clients,100,count,IPI-CooperativeService,1102,1783019836567896233,1783019771791616994,1783019771791639036,1783019836605817626,37.921,,0.022,64814.179,"CooperativeService{guidedPlanning, status=request, vehicleId=0x7665682d3733, requestedHorizonMs=2500, confidence=100, planning.waypoints=1, offloadTaskId=udp-probe-827, offloadPayload=1024 bytes}"
5g-udp-sender,1783019836849977920,edge4av-real-20260702-multiclient-scalability-run-4,p5g-scale-udp-payload-1024-clients-100,scale,guided-planning,udp,veh-73,veh-73,rsu-1,p5g-scale-udp-payload-1024-clients-100-veh-73-828,ipi-session-1,multiclient-scalability-run-4,veh-73,828,100-clients,default,stationary,unsynced,true,true,clients,100,count,IPI-CooperativeService,1102,1783019836806008301,1783019772031735825,1783019772031779355,1783019836849977920,43.970,,0.044,64818.199,"CooperativeService{guidedPlanning, status=request, vehicleId=0x7665682d3733, requestedHorizonMs=2500, confidence=100, planning.waypoints=1, offloadTaskId=udp-probe-828, offloadPayload=1024 bytes}"
5g-udp-sender,1783019837077903155,edge4av-real-20260702-multiclient-scalability-run-4,p5g-scale-udp-payload-1024-clients-100,scale,guided-planning,udp,veh-73,veh-73,rsu-1,p5g-scale-udp-payload-1024-clients-100-veh-73-829,ipi-session-1,multiclient-scalability-run-4,veh-73,829,100-clients,default,stationary,unsynced,true,true,clients,100,count,IPI-CooperativeService,1102,1783019837050137845,1783019772262562691,1783019772262584785,1783019837077903155,27.765,,0.022,64815.318,"CooperativeService{guidedPlanning, status=request, vehicleId=0x7665682d3733, requestedHorizonMs=2500, confidence=100, planning.waypoints=1, offloadTaskId=udp-probe-829, offloadPayload=1024 bytes}"
5g-udp-sender,1783019837311918222,edge4av-real-20260702-multiclient-scalability-run-4,p5g-scale-udp-payload-1024-clients-100,scale,guided-planning,udp,veh-73,veh-73,rsu-1,p5g-scale-udp-payload-1024-clients-100-veh-73-830,ipi-session-1,multiclient-scalability-run-4,veh-73,830,100-clients,default,stationary,unsynced,true,true,clients,100,count,IPI-CooperativeService,1102,1783019837278045316,1783019772492950789,1783019772492972019,1783019837311918222,33.873,,0.021,64818.946,"CooperativeService{guidedPlanning, status=request, vehicleId=0x7665682d3733, requestedHorizonMs=2500, confidence=100, planning.waypoints=1, offloadTaskId=udp-probe-830, offloadPayload=1024 bytes}"
5g-udp-sender,1783019837547884003,edge4av-real-20260702-multiclient-scalability-run-4,p5g-scale-udp-payload-1024-clients-100,scale,guided-planning,udp,veh-73,veh-73,rsu-1,p5g-scale-udp-payload-1024-clients-100-veh-73-831,ipi-session-1,multiclient-scalability-run-4,veh-73,831,100-clients,default,stationary,unsynced,true,true,clients,100,count,IPI-CooperativeService,1102,1783019837512066713,1783019772732712411,1783019772732763612,1783019837547884003,35.817,,0.051,64815.120,"CooperativeService{guidedPlanning, status=request, vehicleId=0x7665682d3733, requestedHorizonMs=2500, confidence=100, planning.waypoints=1, offloadTaskId=udp-probe-831, offloadPayload=1024 bytes}"
5g-udp-sender,1783019837779831837,edge4av-real-20260702-multiclient-scalability-run-4,p5g-scale-udp-payload-1024-clients-100,scale,guided-planning,udp,veh-73,veh-73,rsu-1,p5g-scale-udp-payload-1024-clients-100-veh-73-832,ipi-session-1,multiclient-scalability-run-4,veh-73,832,100-clients,default,stationary,unsynced,true,true,clients,100,count,IPI-CooperativeService,1102,1783019837748031251,1783019772963340303,1783019772963362501,1783019837779831837,31.801,,0.022,64816.469,"CooperativeService{guidedPlanning, status=request, vehicleId=0x7665682d3733, requestedHorizonMs=2500, confidence=100, planning.waypoints=1, offloadTaskId=udp-probe-832, offloadPayload=1024 bytes}"
5g-udp-sender,1783019838007925560,edge4av-real-20260702-multiclient-scalability-run-4,p5g-scale-udp-payload-1024-clients-100,scale,guided-planning,udp,veh-73,veh-73,rsu-1,p5g-scale-udp-payload-1024-clients-100-veh-73-833,ipi-session-1,multiclient-scalability-run-4,veh-73,833,100-clients,default,stationary,unsynced,true,true,clients,100,count,IPI-CooperativeService,1102,1783019837979980985,1783019773193800499,1783019773193822841,1783019838007925560,27.945,,0.022,64814.103,"CooperativeService{guidedPlanning, status=request, vehicleId=0x7665682d3733, requestedHorizonMs=2500, confidence=100, planning.waypoints=1, offloadTaskId=udp-probe-833, offloadPayload=1024 bytes}"
5g-udp-sender,1783019838245776311,edge4av-real-20260702-multiclient-scalability-run-4,p5g-scale-udp-payload-1024-clients-100,scale,guided-planning,udp,veh-73,veh-73,rsu-1,p5g-scale-udp-payload-1024-clients-100-veh-73-834,ipi-session-1,multiclient-scalability-run-4,veh-73,834,100-clients,default,stationary,unsynced,true,true,clients,100,count,IPI-CooperativeService,1102,1783019838208115808,1783019773433877957,1783019773433929042,1783019838245776311,37.661,,0.051,64811.847,"CooperativeService{guidedPlanning, status=request, vehicleId=0x7665682d3733, requestedHorizonMs=2500, confidence=100, planning.waypoints=1, offloadTaskId=udp-probe-834, offloadPayload=1024 bytes}"
5g-udp-sender,1783019838481935138,edge4av-real-20260702-multiclient-scalability-run-4,p5g-scale-udp-payload-1024-clients-100,scale,guided-planning,udp,veh-73,veh-73,rsu-1,p5g-scale-udp-payload-1024-clients-100-veh-73-835,ipi-session-1,multiclient-scalability-run-4,veh-73,835,100-clients,default,stationary,unsynced,true,true,clients,100,count,IPI-CooperativeService,1102,1783019838445923089,1783019773665068175,1783019773665090994,1783019838481935138,36.012,,0.023,64816.844,"CooperativeService{guidedPlanning, status=request, vehicleId=0x7665682d3733, requestedHorizonMs=2500, confidence=100, planning.waypoints=1, offloadTaskId=udp-probe-835, offloadPayload=1024 bytes}"
5g-udp-sender,1783019838719811684,edge4av-real-20260702-multiclient-scalability-run-4,p5g-scale-udp-payload-1024-clients-100,scale,guided-planning,udp,veh-73,veh-73,rsu-1,p5g-scale-udp-payload-1024-clients-100-veh-73-836,ipi-session-1,multiclient-scalability-run-4,veh-73,836,100-clients,default,stationary,unsynced,true,true,clients,100,count,IPI-CooperativeService,1102,1783019838682120069,1783019773905044903,1783019773905067977,1783019838719811684,37.692,,0.023,64814.744,"CooperativeService{guidedPlanning, status=request, vehicleId=0x7665682d3733, requestedHorizonMs=2500, confidence=100, planning.waypoints=1, offloadTaskId=udp-probe-836, offloadPayload=1024 bytes}"
5g-udp-sender,1783019838961891504,edge4av-real-20260702-multiclient-scalability-run-4,p5g-scale-udp-payload-1024-clients-100,scale,guided-planning,udp,veh-73,veh-73,rsu-1,p5g-scale-udp-payload-1024-clients-100-veh-73-837,ipi-session-1,multiclient-scalability-run-4,veh-73,837,100-clients,default,stationary,unsynced,true,true,clients,100,count,IPI-CooperativeService,1102,1783019838919973338,1783019774145220694,1783019774145246999,1783019838961891504,41.918,,0.026,64816.645,"CooperativeService{guidedPlanning, status=request, vehicleId=0x7665682d3733, requestedHorizonMs=2500, confidence=100, planning.waypoints=1, offloadTaskId=udp-probe-837, offloadPayload=1024 bytes}"
5g-udp-sender,1783019839195754062,edge4av-real-20260702-multiclient-scalability-run-4,p5g-scale-udp-payload-1024-clients-100,scale,guided-planning,udp,veh-73,veh-73,rsu-1,p5g-scale-udp-payload-1024-clients-100-veh-73-838,ipi-session-1,multiclient-scalability-run-4,veh-73,838,100-clients,default,stationary,unsynced,true,true,clients,100,count,IPI-CooperativeService,1102,1783019839162041758,1783019774376128524,1783019774376150240,1783019839195754062,33.712,,0.022,64819.604,"CooperativeService{guidedPlanning, status=request, vehicleId=0x7665682d3733, requestedHorizonMs=2500, confidence=100, planning.waypoints=1, offloadTaskId=udp-probe-838, offloadPayload=1024 bytes}"
5g-udp-sender,1783019839439945656,edge4av-real-20260702-multiclient-scalability-run-4,p5g-scale-udp-payload-1024-clients-100,scale,guided-planning,udp,veh-73,veh-73,rsu-1,p5g-scale-udp-payload-1024-clients-100-veh-73-839,ipi-session-1,multiclient-scalability-run-4,veh-73,839,100-clients,default,stationary,unsynced,true,true,clients,100,count,IPI-CooperativeService,1102,1783019839395903183,1783019774625996143,1783019774626023051,1783019839439945656,44.042,,0.027,64813.923,"CooperativeService{guidedPlanning, status=request, vehicleId=0x7665682d3733, requestedHorizonMs=2500, confidence=100, planning.waypoints=1, offloadTaskId=udp-probe-839, offloadPayload=1024 bytes}"
5g-udp-sender,1783019839697789612,edge4av-real-20260702-multiclient-scalability-run-4,p5g-scale-udp-payload-1024-clients-100,scale,guided-planning,udp,veh-73,veh-73,rsu-1,p5g-scale-udp-payload-1024-clients-100-veh-73-840,ipi-session-1,multiclient-scalability-run-4,veh-73,840,100-clients,default,stationary,unsynced,true,true,clients,100,count,IPI-CooperativeService,1102,1783019839640127504,1783019774886196388,1783019774886246100,1783019839697789612,57.662,,0.050,64811.544,"CooperativeService{guidedPlanning, status=request, vehicleId=0x7665682d3733, requestedHorizonMs=2500, confidence=100, planning.waypoints=1, offloadTaskId=udp-probe-840, offloadPayload=1024 bytes}"
5g-udp-sender,1783019839979975056,edge4av-real-20260702-multiclient-scalability-run-4,p5g-scale-udp-payload-1024-clients-100,scale,guided-planning,udp,veh-73,veh-73,rsu-1,p5g-scale-udp-payload-1024-clients-100-veh-73-841,ipi-session-1,multiclient-scalability-run-4,veh-73,841,100-clients,default,stationary,unsynced,true,true,clients,100,count,IPI-CooperativeService,1102,1783019839897931893,1783019775166945187,1783019775166972464,1783019839979975056,82.043,,0.027,64813.003,"CooperativeService{guidedPlanning, status=request, vehicleId=0x7665682d3733, requestedHorizonMs=2500, confidence=100, planning.waypoints=1, offloadTaskId=udp-probe-841, offloadPayload=1024 bytes}"
5g-udp-sender,1783019840271947397,edge4av-real-20260702-multiclient-scalability-run-4,p5g-scale-udp-payload-1024-clients-100,scale,guided-planning,udp,veh-73,veh-73,rsu-1,p5g-scale-udp-payload-1024-clients-100-veh-73-842,ipi-session-1,multiclient-scalability-run-4,veh-73,842,100-clients,default,stationary,unsynced,true,true,clients,100,count,IPI-CooperativeService,1102,1783019840180121230,1783019775447534262,1783019775447556849,1783019840271947397,91.826,,0.023,64824.391,"CooperativeService{guidedPlanning, status=request, vehicleId=0x7665682d3733, requestedHorizonMs=2500, confidence=100, planning.waypoints=1, offloadTaskId=udp-probe-842, offloadPayload=1024 bytes}"
5g-udp-sender,1783019840545877168,edge4av-real-20260702-multiclient-scalability-run-4,p5g-scale-udp-payload-1024-clients-100,scale,guided-planning,udp,veh-73,veh-73,rsu-1,p5g-scale-udp-payload-1024-clients-100-veh-73-843,ipi-session-1,multiclient-scalability-run-4,veh-73,843,100-clients,default,stationary,unsynced,true,true,clients,100,count,IPI-CooperativeService,1102,1783019840472095417,1783019775727864728,1783019775727891697,1783019840545877168,73.782,,0.027,64817.985,"CooperativeService{guidedPlanning, status=request, vehicleId=0x7665682d3733, requestedHorizonMs=2500, confidence=100, planning.waypoints=1, offloadTaskId=udp-probe-843, offloadPayload=1024 bytes}"
5g-udp-sender,1783019840815785134,edge4av-real-20260702-multiclient-scalability-run-4,p5g-scale-udp-payload-1024-clients-100,scale,guided-planning,udp,veh-73,veh-73,rsu-1,p5g-scale-udp-payload-1024-clients-100-veh-73-844,ipi-session-1,multiclient-scalability-run-4,veh-73,844,100-clients,default,stationary,unsynced,true,true,clients,100,count,IPI-CooperativeService,1102,1783019840746033045,1783019775998114020,1783019775998163493,1783019840815785134,69.752,,0.049,64817.622,"CooperativeService{guidedPlanning, status=request, vehicleId=0x7665682d3733, requestedHorizonMs=2500, confidence=100, planning.waypoints=1, offloadTaskId=udp-probe-844, offloadPayload=1024 bytes}"
5g-udp-sender,1783019841105845421,edge4av-real-20260702-multiclient-scalability-run-4,p5g-scale-udp-payload-1024-clients-100,scale,guided-planning,udp,veh-73,veh-73,rsu-1,p5g-scale-udp-payload-1024-clients-100-veh-73-845,ipi-session-1,multiclient-scalability-run-4,veh-73,845,100-clients,default,stationary,unsynced,true,true,clients,100,count,IPI-CooperativeService,1102,1783019841015936005,1783019776288623888,1783019776288697671,1783019841105845421,89.909,,0.074,64817.148,"CooperativeService{guidedPlanning, status=request, vehicleId=0x7665682d3733, requestedHorizonMs=2500, confidence=100, planning.waypoints=1, offloadTaskId=udp-probe-845, offloadPayload=1024 bytes}"
5g-udp-sender,1783019841381896348,edge4av-real-20260702-multiclient-scalability-run-4,p5g-scale-udp-payload-1024-clients-100,scale,guided-planning,udp,veh-73,veh-73,rsu-1,p5g-scale-udp-payload-1024-clients-100-veh-73-846,ipi-session-1,multiclient-scalability-run-4,veh-73,846,100-clients,default,stationary,unsynced,true,true,clients,100,count,IPI-CooperativeService,1102,1783019841306034914,1783019776569384483,1783019776569410213,1783019841381896348,75.861,,0.026,64812.486,"CooperativeService{guidedPlanning, status=request, vehicleId=0x7665682d3733, requestedHorizonMs=2500, confidence=100, planning.waypoints=1, offloadTaskId=udp-probe-846, offloadPayload=1024 bytes}"
5g-udp-sender,1783019841715876675,edge4av-real-20260702-multiclient-scalability-run-4,p5g-scale-udp-payload-1024-clients-100,scale,guided-planning,udp,veh-73,veh-73,rsu-1,p5g-scale-udp-payload-1024-clients-100-veh-73-847,ipi-session-1,multiclient-scalability-run-4,veh-73,847,100-clients,default,stationary,unsynced,true,true,clients,100,count,IPI-CooperativeService,1102,1783019841582047838,1783019776899527836,1783019776899536398,1783019841715876675,133.829,,0.009,64816.340,"CooperativeService{guidedPlanning, status=request, vehicleId=0x7665682d3733, requestedHorizonMs=2500, confidence=100, planning.waypoints=1, offloadTaskId=udp-probe-847, offloadPayload=1024 bytes}"
5g-udp-sender,1783019842047927862,edge4av-real-20260702-multiclient-scalability-run-4,p5g-scale-udp-payload-1024-clients-100,scale,guided-planning,udp,veh-73,veh-73,rsu-1,p5g-scale-udp-payload-1024-clients-100-veh-73-848,ipi-session-1,multiclient-scalability-run-4,veh-73,848,100-clients,default,stationary,unsynced,true,true,clients,100,count,IPI-CooperativeService,1102,1783019841916042538,1783019777230075208,1783019777230125508,1783019842047927862,131.885,,0.050,64817.802,"CooperativeService{guidedPlanning, status=request, vehicleId=0x7665682d3733, requestedHorizonMs=2500, confidence=100, planning.waypoints=1, offloadTaskId=udp-probe-848, offloadPayload=1024 bytes}"
5g-udp-sender,1783019842318207183,edge4av-real-20260702-multiclient-scalability-run-4,p5g-scale-udp-payload-1024-clients-100,scale,guided-planning,udp,veh-73,veh-73,rsu-1,p5g-scale-udp-payload-1024-clients-100-veh-73-849,ipi-session-1,multiclient-scalability-run-4,veh-73,849,100-clients,default,stationary,unsynced,true,true,clients,100,count,IPI-CooperativeService,1102,1783019842248072029,1783019777501138472,1783019777501161728,1783019842318207183,70.135,,0.023,64817.045,"CooperativeService{guidedPlanning, status=request, vehicleId=0x7665682d3733, requestedHorizonMs=2500, confidence=100, planning.waypoints=1, offloadTaskId=udp-probe-849, offloadPayload=1024 bytes}"
5g-udp-sender,1783019842567814774,edge4av-real-20260702-multiclient-scalability-run-4,p5g-scale-udp-payload-1024-clients-100,scale,guided-planning,udp,veh-73,veh-73,rsu-1,p5g-scale-udp-payload-1024-clients-100-veh-73-850,ipi-session-1,multiclient-scalability-run-4,veh-73,850,100-clients,default,stationary,unsynced,true,true,clients,100,count,IPI-CooperativeService,1102,1783019842518360536,1783019777751454499,1783019777751485814,1783019842567814774,49.454,,0.031,64816.329,"CooperativeService{guidedPlanning, status=request, vehicleId=0x7665682d3733, requestedHorizonMs=2500, confidence=100, planning.waypoints=1, offloadTaskId=udp-probe-850, offloadPayload=1024 bytes}"
5g-udp-sender,1783019842805873253,edge4av-real-20260702-multiclient-scalability-run-4,p5g-scale-udp-payload-1024-clients-100,scale,guided-planning,udp,veh-73,veh-73,rsu-1,p5g-scale-udp-payload-1024-clients-100-veh-73-851,ipi-session-1,multiclient-scalability-run-4,veh-73,851,100-clients,default,stationary,unsynced,true,true,clients,100,count,IPI-CooperativeService,1102,1783019842767962864,1783019777991511727,1783019777991561328,1783019842805873253,37.910,,0.050,64814.312,"CooperativeService{guidedPlanning, status=request, vehicleId=0x7665682d3733, requestedHorizonMs=2500, confidence=100, planning.waypoints=1, offloadTaskId=udp-probe-851, offloadPayload=1024 bytes}"
5g-udp-sender,1783019843057943075,edge4av-real-20260702-multiclient-scalability-run-4,p5g-scale-udp-payload-1024-clients-100,scale,guided-planning,udp,veh-73,veh-73,rsu-1,p5g-scale-udp-payload-1024-clients-100-veh-73-852,ipi-session-1,multiclient-scalability-run-4,veh-73,852,100-clients,default,stationary,unsynced,true,true,clients,100,count,IPI-CooperativeService,1102,1783019843006062147,1783019778242263689,1783019778242286307,1783019843057943075,51.881,,0.023,64815.657,"CooperativeService{guidedPlanning, status=request, vehicleId=0x7665682d3733, requestedHorizonMs=2500, confidence=100, planning.waypoints=1, offloadTaskId=udp-probe-852, offloadPayload=1024 bytes}"
5g-udp-sender,1783019843307915590,edge4av-real-20260702-multiclient-scalability-run-4,p5g-scale-udp-payload-1024-clients-100,scale,guided-planning,udp,veh-73,veh-73,rsu-1,p5g-scale-udp-payload-1024-clients-100-veh-73-853,ipi-session-1,multiclient-scalability-run-4,veh-73,853,100-clients,default,stationary,unsynced,true,true,clients,100,count,IPI-CooperativeService,1102,1783019843258095548,1783019778492793043,1783019778492817598,1783019843307915590,49.820,,0.025,64815.098,"CooperativeService{guidedPlanning, status=request, vehicleId=0x7665682d3733, requestedHorizonMs=2500, confidence=100, planning.waypoints=1, offloadTaskId=udp-probe-853, offloadPayload=1024 bytes}"
5g-udp-sender,1783019843559803990,edge4av-real-20260702-multiclient-scalability-run-4,p5g-scale-udp-payload-1024-clients-100,scale,guided-planning,udp,veh-73,veh-73,rsu-1,p5g-scale-udp-payload-1024-clients-100-veh-73-854,ipi-session-1,multiclient-scalability-run-4,veh-73,854,100-clients,default,stationary,unsynced,true,true,clients,100,count,IPI-CooperativeService,1102,1783019843508082230,1783019778743307260,1783019778743329472,1783019843559803990,51.722,,0.022,64816.475,"CooperativeService{guidedPlanning, status=request, vehicleId=0x7665682d3733, requestedHorizonMs=2500, confidence=100, planning.waypoints=1, offloadTaskId=udp-probe-854, offloadPayload=1024 bytes}"
5g-udp-sender,1783019843801887646,edge4av-real-20260702-multiclient-scalability-run-4,p5g-scale-udp-payload-1024-clients-100,scale,guided-planning,udp,veh-73,veh-73,rsu-1,p5g-scale-udp-payload-1024-clients-100-veh-73-855,ipi-session-1,multiclient-scalability-run-4,veh-73,855,100-clients,default,stationary,unsynced,true,true,clients,100,count,IPI-CooperativeService,1102,1783019843759952193,1783019778983417914,1783019778983444724,1783019843801887646,41.935,,0.027,64818.443,"CooperativeService{guidedPlanning, status=request, vehicleId=0x7665682d3733, requestedHorizonMs=2500, confidence=100, planning.waypoints=1, offloadTaskId=udp-probe-855, offloadPayload=1024 bytes}"
5g-udp-sender,1783019844037846589,edge4av-real-20260702-multiclient-scalability-run-4,p5g-scale-udp-payload-1024-clients-100,scale,guided-planning,udp,veh-73,veh-73,rsu-1,p5g-scale-udp-payload-1024-clients-100-veh-73-856,ipi-session-1,multiclient-scalability-run-4,veh-73,856,100-clients,default,stationary,unsynced,true,true,clients,100,count,IPI-CooperativeService,1102,1783019844002035195,1783019779223979255,1783019779224006169,1783019844037846589,35.811,,0.027,64813.840,"CooperativeService{guidedPlanning, status=request, vehicleId=0x7665682d3733, requestedHorizonMs=2500, confidence=100, planning.waypoints=1, offloadTaskId=udp-probe-856, offloadPayload=1024 bytes}"
5g-udp-sender,1783019844269965156,edge4av-real-20260702-multiclient-scalability-run-4,p5g-scale-udp-payload-1024-clients-100,scale,guided-planning,udp,veh-73,veh-73,rsu-1,p5g-scale-udp-payload-1024-clients-100-veh-73-857,ipi-session-1,multiclient-scalability-run-4,veh-73,857,100-clients,default,stationary,unsynced,true,true,clients,100,count,IPI-CooperativeService,1102,1783019844237997291,1783019779454512069,1783019779454540909,1783019844269965156,31.968,,0.029,64815.424,"CooperativeService{guidedPlanning, status=request, vehicleId=0x7665682d3733, requestedHorizonMs=2500, confidence=100, planning.waypoints=1, offloadTaskId=udp-probe-857, offloadPayload=1024 bytes}"
5g-udp-sender,1783019844522014776,edge4av-real-20260702-multiclient-scalability-run-4,p5g-scale-udp-payload-1024-clients-100,scale,guided-planning,udp,veh-73,veh-73,rsu-1,p5g-scale-udp-payload-1024-clients-100-veh-73-858,ipi-session-1,multiclient-scalability-run-4,veh-73,858,100-clients,default,stationary,unsynced,true,true,clients,100,count,IPI-CooperativeService,1102,1783019844470097655,1783019779704372474,1783019779704422280,1783019844522014776,51.917,,0.050,64817.592,"CooperativeService{guidedPlanning, status=request, vehicleId=0x7665682d3733, requestedHorizonMs=2500, confidence=100, planning.waypoints=1, offloadTaskId=udp-probe-858, offloadPayload=1024 bytes}"
5g-udp-sender,1783019844759900380,edge4av-real-20260702-multiclient-scalability-run-4,p5g-scale-udp-payload-1024-clients-100,scale,guided-planning,udp,veh-73,veh-73,rsu-1,p5g-scale-udp-payload-1024-clients-100-veh-73-859,ipi-session-1,multiclient-scalability-run-4,veh-73,859,100-clients,default,stationary,unsynced,true,true,clients,100,count,IPI-CooperativeService,1102,1783019844722151399,1783019779944711185,1783019779944762994,1783019844759900380,37.749,,0.052,64815.137,"CooperativeService{guidedPlanning, status=request, vehicleId=0x7665682d3733, requestedHorizonMs=2500, confidence=100, planning.waypoints=1, offloadTaskId=udp-probe-859, offloadPayload=1024 bytes}"
5g-udp-sender,1783019845003913893,edge4av-real-20260702-multiclient-scalability-run-4,p5g-scale-udp-payload-1024-clients-100,scale,guided-planning,udp,veh-73,veh-73,rsu-1,p5g-scale-udp-payload-1024-clients-100-veh-73-860,ipi-session-1,multiclient-scalability-run-4,veh-73,860,100-clients,default,stationary,unsynced,true,true,clients,100,count,IPI-CooperativeService,1102,1783019844960040124,1783019780185547778,1783019780185572530,1783019845003913893,43.874,,0.025,64818.341,"CooperativeService{guidedPlanning, status=request, vehicleId=0x7665682d3733, requestedHorizonMs=2500, confidence=100, planning.waypoints=1, offloadTaskId=udp-probe-860, offloadPayload=1024 bytes}"
5g-udp-sender,1783019845239887792,edge4av-real-20260702-multiclient-scalability-run-4,p5g-scale-udp-payload-1024-clients-100,scale,guided-planning,udp,veh-73,veh-73,rsu-1,p5g-scale-udp-payload-1024-clients-100-veh-73-861,ipi-session-1,multiclient-scalability-run-4,veh-73,861,100-clients,default,stationary,unsynced,true,true,clients,100,count,IPI-CooperativeService,1102,1783019845204063612,1783019780426356156,1783019780426406930,1783019845239887792,35.824,,0.051,64813.481,"CooperativeService{guidedPlanning, status=request, vehicleId=0x7665682d3733, requestedHorizonMs=2500, confidence=100, planning.waypoints=1, offloadTaskId=udp-probe-861, offloadPayload=1024 bytes}"
5g-udp-sender,1783019845487032476,edge4av-real-20260702-multiclient-scalability-run-4,p5g-scale-udp-payload-1024-clients-100,scale,guided-planning,udp,veh-73,veh-73,rsu-1,p5g-scale-udp-payload-1024-clients-100-veh-73-862,ipi-session-1,multiclient-scalability-run-4,veh-73,862,100-clients,default,stationary,unsynced,true,true,clients,100,count,IPI-CooperativeService,1102,1783019845439994857,1783019780676089637,1783019780676140093,1783019845487032476,47.038,,0.050,64810.892,"CooperativeService{guidedPlanning, status=request, vehicleId=0x7665682d3733, requestedHorizonMs=2500, confidence=100, planning.waypoints=1, offloadTaskId=udp-probe-862, offloadPayload=1024 bytes}"
5g-udp-sender,1783019845759929917,edge4av-real-20260702-multiclient-scalability-run-4,p5g-scale-udp-payload-1024-clients-100,scale,guided-planning,udp,veh-73,veh-73,rsu-1,p5g-scale-udp-payload-1024-clients-100-veh-73-863,ipi-session-1,multiclient-scalability-run-4,veh-73,863,100-clients,default,stationary,unsynced,true,true,clients,100,count,IPI-CooperativeService,1102,1783019845687198722,1783019780936868263,1783019780936900281,1783019845759929917,72.731,,0.032,64823.030,"CooperativeService{guidedPlanning, status=request, vehicleId=0x7665682d3733, requestedHorizonMs=2500, confidence=100, planning.waypoints=1, offloadTaskId=udp-probe-863, offloadPayload=1024 bytes}"
5g-udp-sender,1783019846003940867,edge4av-real-20260702-multiclient-scalability-run-4,p5g-scale-udp-payload-1024-clients-100,scale,guided-planning,udp,veh-73,veh-73,rsu-1,p5g-scale-udp-payload-1024-clients-100-veh-73-864,ipi-session-1,multiclient-scalability-run-4,veh-73,864,100-clients,default,stationary,unsynced,true,true,clients,100,count,IPI-CooperativeService,1102,1783019845960122359,1783019781187253702,1783019781187280228,1783019846003940867,43.819,,0.027,64816.661,"CooperativeService{guidedPlanning, status=request, vehicleId=0x7665682d3733, requestedHorizonMs=2500, confidence=100, planning.waypoints=1, offloadTaskId=udp-probe-864, offloadPayload=1024 bytes}"
5g-udp-sender,1783019846242003921,edge4av-real-20260702-multiclient-scalability-run-4,p5g-scale-udp-payload-1024-clients-100,scale,guided-planning,udp,veh-73,veh-73,rsu-1,p5g-scale-udp-payload-1024-clients-100-veh-73-865,ipi-session-1,multiclient-scalability-run-4,veh-73,865,100-clients,default,stationary,unsynced,true,true,clients,100,count,IPI-CooperativeService,1102,1783019846204082369,1783019781427253228,1783019781427303715,1783019846242003921,37.922,,0.050,64814.700,"CooperativeService{guidedPlanning, status=request, vehicleId=0x7665682d3733, requestedHorizonMs=2500, confidence=100, planning.waypoints=1, offloadTaskId=udp-probe-865, offloadPayload=1024 bytes}"
5g-udp-sender,1783019846479009035,edge4av-real-20260702-multiclient-scalability-run-4,p5g-scale-udp-payload-1024-clients-100,scale,guided-planning,udp,veh-73,veh-73,rsu-1,p5g-scale-udp-payload-1024-clients-100-veh-73-866,ipi-session-1,multiclient-scalability-run-4,veh-73,866,100-clients,default,stationary,unsynced,true,true,clients,100,count,IPI-CooperativeService,1102,1783019846442157298,1783019781667659692,1783019781667709024,1783019846479009035,36.852,,0.049,64811.300,"CooperativeService{guidedPlanning, status=request, vehicleId=0x7665682d3733, requestedHorizonMs=2500, confidence=100, planning.waypoints=1, offloadTaskId=udp-probe-866, offloadPayload=1024 bytes}"
5g-udp-sender,1783019846718998843,edge4av-real-20260702-multiclient-scalability-run-4,p5g-scale-udp-payload-1024-clients-100,scale,guided-planning,udp,veh-73,veh-73,rsu-1,p5g-scale-udp-payload-1024-clients-100-veh-73-867,ipi-session-1,multiclient-scalability-run-4,veh-73,867,100-clients,default,stationary,unsynced,true,true,clients,100,count,IPI-CooperativeService,1102,1783019846679158319,1783019781908118646,1783019781908168308,1783019846718998843,39.841,,0.050,64810.831,"CooperativeService{guidedPlanning, status=request, vehicleId=0x7665682d3733, requestedHorizonMs=2500, confidence=100, planning.waypoints=1, offloadTaskId=udp-probe-867, offloadPayload=1024 bytes}"
5g-udp-sender,1783019846964064860,edge4av-real-20260702-multiclient-scalability-run-4,p5g-scale-udp-payload-1024-clients-100,scale,guided-planning,udp,veh-73,veh-73,rsu-1,p5g-scale-udp-payload-1024-clients-100-veh-73-868,ipi-session-1,multiclient-scalability-run-4,veh-73,868,100-clients,default,stationary,unsynced,true,true,clients,100,count,IPI-CooperativeService,1102,1783019846919149212,1783019782139187028,1783019782139209199,1783019846964064860,44.916,,0.022,64824.856,"CooperativeService{guidedPlanning, status=request, vehicleId=0x7665682d3733, requestedHorizonMs=2500, confidence=100, planning.waypoints=1, offloadTaskId=udp-probe-868, offloadPayload=1024 bytes}"
5g-udp-sender,1783019847197918592,edge4av-real-20260702-multiclient-scalability-run-4,p5g-scale-udp-payload-1024-clients-100,scale,guided-planning,udp,veh-73,veh-73,rsu-1,p5g-scale-udp-payload-1024-clients-100-veh-73-869,ipi-session-1,multiclient-scalability-run-4,veh-73,869,100-clients,default,stationary,unsynced,true,true,clients,100,count,IPI-CooperativeService,1102,1783019847164217659,1783019782379271596,1783019782379300764,1783019847197918592,33.701,,0.029,64818.618,"CooperativeService{guidedPlanning, status=request, vehicleId=0x7665682d3733, requestedHorizonMs=2500, confidence=100, planning.waypoints=1, offloadTaskId=udp-probe-869, offloadPayload=1024 bytes}"
5g-udp-sender,1783019847433873657,edge4av-real-20260702-multiclient-scalability-run-4,p5g-scale-udp-payload-1024-clients-100,scale,guided-planning,udp,veh-73,veh-73,rsu-1,p5g-scale-udp-payload-1024-clients-100-veh-73-870,ipi-session-1,multiclient-scalability-run-4,veh-73,870,100-clients,default,stationary,unsynced,true,true,clients,100,count,IPI-CooperativeService,1102,1783019847398095148,1783019782619300025,1783019782619349893,1783019847433873657,35.779,,0.050,64814.524,"CooperativeService{guidedPlanning, status=request, vehicleId=0x7665682d3733, requestedHorizonMs=2500, confidence=100, planning.waypoints=1, offloadTaskId=udp-probe-870, offloadPayload=1024 bytes}"
5g-udp-sender,1783019847684028360,edge4av-real-20260702-multiclient-scalability-run-4,p5g-scale-udp-payload-1024-clients-100,scale,guided-planning,udp,veh-73,veh-73,rsu-1,p5g-scale-udp-payload-1024-clients-100-veh-73-871,ipi-session-1,multiclient-scalability-run-4,veh-73,871,100-clients,default,stationary,unsynced,true,true,clients,100,count,IPI-CooperativeService,1102,1783019847634021012,1783019782870095978,1783019782870125187,1783019847684028360,50.007,,0.029,64813.903,"CooperativeService{guidedPlanning, status=request, vehicleId=0x7665682d3733, requestedHorizonMs=2500, confidence=100, planning.waypoints=1, offloadTaskId=udp-probe-871, offloadPayload=1024 bytes}"
5g-udp-sender,1783019847927881630,edge4av-real-20260702-multiclient-scalability-run-4,p5g-scale-udp-payload-1024-clients-100,scale,guided-planning,udp,veh-73,veh-73,rsu-1,p5g-scale-udp-payload-1024-clients-100-veh-73-872,ipi-session-1,multiclient-scalability-run-4,veh-73,872,100-clients,default,stationary,unsynced,true,true,clients,100,count,IPI-CooperativeService,1102,1783019847884188568,1783019783110859503,1783019783110881667,1783019847927881630,43.693,,0.022,64817.000,"CooperativeService{guidedPlanning, status=request, vehicleId=0x7665682d3733, requestedHorizonMs=2500, confidence=100, planning.waypoints=1, offloadTaskId=udp-probe-872, offloadPayload=1024 bytes}"
5g-udp-sender,1783019848177832267,edge4av-real-20260702-multiclient-scalability-run-4,p5g-scale-udp-payload-1024-clients-100,scale,guided-planning,udp,veh-73,veh-73,rsu-1,p5g-scale-udp-payload-1024-clients-100-veh-73-873,ipi-session-1,multiclient-scalability-run-4,veh-73,873,100-clients,default,stationary,unsynced,true,true,clients,100,count,IPI-CooperativeService,1102,1783019848128038302,1783019783361379447,1783019783361402537,1783019848177832267,49.794,,0.023,64816.430,"CooperativeService{guidedPlanning, status=request, vehicleId=0x7665682d3733, requestedHorizonMs=2500, confidence=100, planning.waypoints=1, offloadTaskId=udp-probe-873, offloadPayload=1024 bytes}"
5g-udp-sender,1783019848413977884,edge4av-real-20260702-multiclient-scalability-run-4,p5g-scale-udp-payload-1024-clients-100,scale,guided-planning,udp,veh-73,veh-73,rsu-1,p5g-scale-udp-payload-1024-clients-100-veh-73-874,ipi-session-1,multiclient-scalability-run-4,veh-73,874,100-clients,default,stationary,unsynced,true,true,clients,100,count,IPI-CooperativeService,1102,1783019848377991928,1783019783601784117,1783019783601813125,1783019848413977884,35.986,,0.029,64812.165,"CooperativeService{guidedPlanning, status=request, vehicleId=0x7665682d3733, requestedHorizonMs=2500, confidence=100, planning.waypoints=1, offloadTaskId=udp-probe-874, offloadPayload=1024 bytes}"
5g-udp-sender,1783019848647828121,edge4av-real-20260702-multiclient-scalability-run-4,p5g-scale-udp-payload-1024-clients-100,scale,guided-planning,udp,veh-73,veh-73,rsu-1,p5g-scale-udp-payload-1024-clients-100-veh-73-875,ipi-session-1,multiclient-scalability-run-4,veh-73,875,100-clients,default,stationary,unsynced,true,true,clients,100,count,IPI-CooperativeService,1102,1783019848614126441,1783019783832033638,1783019783832056691,1783019848647828121,33.702,,0.023,64815.771,"CooperativeService{guidedPlanning, status=request, vehicleId=0x7665682d3733, requestedHorizonMs=2500, confidence=100, planning.waypoints=1, offloadTaskId=udp-probe-875, offloadPayload=1024 bytes}"
5g-udp-sender,1783019848887973702,edge4av-real-20260702-multiclient-scalability-run-4,p5g-scale-udp-payload-1024-clients-100,scale,guided-planning,udp,veh-73,veh-73,rsu-1,p5g-scale-udp-payload-1024-clients-100-veh-73-876,ipi-session-1,multiclient-scalability-run-4,veh-73,876,100-clients,default,stationary,unsynced,true,true,clients,100,count,IPI-CooperativeService,1102,1783019848848008137,1783019784071834299,1783019784071884944,1783019848887973702,39.966,,0.051,64816.089,"CooperativeService{guidedPlanning, status=request, vehicleId=0x7665682d3733, requestedHorizonMs=2500, confidence=100, planning.waypoints=1, offloadTaskId=udp-probe-876, offloadPayload=1024 bytes}"
5g-udp-sender,1783019849122024599,edge4av-real-20260702-multiclient-scalability-run-4,p5g-scale-udp-payload-1024-clients-100,scale,guided-planning,udp,veh-73,veh-73,rsu-1,p5g-scale-udp-payload-1024-clients-100-veh-73-877,ipi-session-1,multiclient-scalability-run-4,veh-73,877,100-clients,default,stationary,unsynced,true,true,clients,100,count,IPI-CooperativeService,1102,1783019849088123856,1783019784302988124,1783019784303010201,1783019849122024599,33.901,,0.022,64819.014,"CooperativeService{guidedPlanning, status=request, vehicleId=0x7665682d3733, requestedHorizonMs=2500, confidence=100, planning.waypoints=1, offloadTaskId=udp-probe-877, offloadPayload=1024 bytes}"
5g-udp-sender,1783019849352023377,edge4av-real-20260702-multiclient-scalability-run-4,p5g-scale-udp-payload-1024-clients-100,scale,guided-planning,udp,veh-73,veh-73,rsu-1,p5g-scale-udp-payload-1024-clients-100-veh-73-878,ipi-session-1,multiclient-scalability-run-4,veh-73,878,100-clients,default,stationary,unsynced,true,true,clients,100,count,IPI-CooperativeService,1102,1783019849322136116,1783019784533502926,1783019784533524792,1783019849352023377,29.887,,0.022,64818.499,"CooperativeService{guidedPlanning, status=request, vehicleId=0x7665682d3733, requestedHorizonMs=2500, confidence=100, planning.waypoints=1, offloadTaskId=udp-probe-878, offloadPayload=1024 bytes}"
5g-udp-sender,1783019849599881017,edge4av-real-20260702-multiclient-scalability-run-4,p5g-scale-udp-payload-1024-clients-100,scale,guided-planning,udp,veh-73,veh-73,rsu-1,p5g-scale-udp-payload-1024-clients-100-veh-73-879,ipi-session-1,multiclient-scalability-run-4,veh-73,879,100-clients,default,stationary,unsynced,true,true,clients,100,count,IPI-CooperativeService,1102,1783019849552166155,1783019784783386698,1783019784783417916,1783019849599881017,47.715,,0.031,64816.463,"CooperativeService{guidedPlanning, status=request, vehicleId=0x7665682d3733, requestedHorizonMs=2500, confidence=100, planning.waypoints=1, offloadTaskId=udp-probe-879, offloadPayload=1024 bytes}"
5g-udp-sender,1783019849827959382,edge4av-real-20260702-multiclient-scalability-run-4,p5g-scale-udp-payload-1024-clients-100,scale,guided-planning,udp,veh-73,veh-73,rsu-1,p5g-scale-udp-payload-1024-clients-100-veh-73-880,ipi-session-1,multiclient-scalability-run-4,veh-73,880,100-clients,default,stationary,unsynced,true,true,clients,100,count,IPI-CooperativeService,1102,1783019849800029595,1783019785013369003,1783019785013419878,1783019849827959382,27.930,,0.051,64814.540,"CooperativeService{guidedPlanning, status=request, vehicleId=0x7665682d3733, requestedHorizonMs=2500, confidence=100, planning.waypoints=1, offloadTaskId=udp-probe-880, offloadPayload=1024 bytes}"
5g-udp-sender,1783019850079854196,edge4av-real-20260702-multiclient-scalability-run-4,p5g-scale-udp-payload-1024-clients-100,scale,guided-planning,udp,veh-73,veh-73,rsu-1,p5g-scale-udp-payload-1024-clients-100-veh-73-881,ipi-session-1,multiclient-scalability-run-4,veh-73,881,100-clients,default,stationary,unsynced,true,true,clients,100,count,IPI-CooperativeService,1102,1783019850028106887,1783019785264226166,1783019785264253059,1783019850079854196,51.747,,0.027,64815.601,"CooperativeService{guidedPlanning, status=request, vehicleId=0x7665682d3733, requestedHorizonMs=2500, confidence=100, planning.waypoints=1, offloadTaskId=udp-probe-881, offloadPayload=1024 bytes}"
5g-udp-sender,1783019850330159260,edge4av-real-20260702-multiclient-scalability-run-4,p5g-scale-udp-payload-1024-clients-100,scale,guided-planning,udp,veh-73,veh-73,rsu-1,p5g-scale-udp-payload-1024-clients-100-veh-73-882,ipi-session-1,multiclient-scalability-run-4,veh-73,882,100-clients,default,stationary,unsynced,true,true,clients,100,count,IPI-CooperativeService,1102,1783019850280041851,1783019785514915386,1783019785514940250,1783019850330159260,50.117,,0.025,64815.219,"CooperativeService{guidedPlanning, status=request, vehicleId=0x7665682d3733, requestedHorizonMs=2500, confidence=100, planning.waypoints=1, offloadTaskId=udp-probe-882, offloadPayload=1024 bytes}"
5g-udp-sender,1783019850599908587,edge4av-real-20260702-multiclient-scalability-run-4,p5g-scale-udp-payload-1024-clients-100,scale,guided-planning,udp,veh-73,veh-73,rsu-1,p5g-scale-udp-payload-1024-clients-100-veh-73-883,ipi-session-1,multiclient-scalability-run-4,veh-73,883,100-clients,default,stationary,unsynced,true,true,clients,100,count,IPI-CooperativeService,1102,1783019850530265766,1783019785784789718,1783019785784839766,1783019850599908587,69.643,,0.050,64815.069,"CooperativeService{guidedPlanning, status=request, vehicleId=0x7665682d3733, requestedHorizonMs=2500, confidence=100, planning.waypoints=1, offloadTaskId=udp-probe-883, offloadPayload=1024 bytes}"
5g-udp-sender,1783019850829920278,edge4av-real-20260702-multiclient-scalability-run-4,p5g-scale-udp-payload-1024-clients-100,scale,guided-planning,udp,veh-73,veh-73,rsu-1,p5g-scale-udp-payload-1024-clients-100-veh-73-884,ipi-session-1,multiclient-scalability-run-4,veh-73,884,100-clients,default,stationary,unsynced,true,true,clients,100,count,IPI-CooperativeService,1102,1783019850800059345,1783019786015572921,1783019786015599386,1783019850829920278,29.861,,0.026,64814.321,"CooperativeService{guidedPlanning, status=request, vehicleId=0x7665682d3733, requestedHorizonMs=2500, confidence=100, planning.waypoints=1, offloadTaskId=udp-probe-884, offloadPayload=1024 bytes}"
5g-udp-sender,1783019851079926079,edge4av-real-20260702-multiclient-scalability-run-4,p5g-scale-udp-payload-1024-clients-100,scale,guided-planning,udp,veh-73,veh-73,rsu-1,p5g-scale-udp-payload-1024-clients-100-veh-73-885,ipi-session-1,multiclient-scalability-run-4,veh-73,885,100-clients,default,stationary,unsynced,true,true,clients,100,count,IPI-CooperativeService,1102,1783019851030025410,1783019786266276028,1783019786266301388,1783019851079926079,49.901,,0.025,64813.625,"CooperativeService{guidedPlanning, status=request, vehicleId=0x7665682d3733, requestedHorizonMs=2500, confidence=100, planning.waypoints=1, offloadTaskId=udp-probe-885, offloadPayload=1024 bytes}"
5g-udp-sender,1783019851331955931,edge4av-real-20260702-multiclient-scalability-run-4,p5g-scale-udp-payload-1024-clients-100,scale,guided-planning,udp,veh-73,veh-73,rsu-1,p5g-scale-udp-payload-1024-clients-100-veh-73-886,ipi-session-1,multiclient-scalability-run-4,veh-73,886,100-clients,default,stationary,unsynced,true,true,clients,100,count,IPI-CooperativeService,1102,1783019851280075247,1783019786516889681,1783019786516915508,1783019851331955931,51.881,,0.026,64815.040,"CooperativeService{guidedPlanning, status=request, vehicleId=0x7665682d3733, requestedHorizonMs=2500, confidence=100, planning.waypoints=1, offloadTaskId=udp-probe-886, offloadPayload=1024 bytes}"
5g-udp-sender,1783019851571969995,edge4av-real-20260702-multiclient-scalability-run-4,p5g-scale-udp-payload-1024-clients-100,scale,guided-planning,udp,veh-73,veh-73,rsu-1,p5g-scale-udp-payload-1024-clients-100-veh-73-887,ipi-session-1,multiclient-scalability-run-4,veh-73,887,100-clients,default,stationary,unsynced,true,true,clients,100,count,IPI-CooperativeService,1102,1783019851532103311,1783019786757482192,1783019786757507653,1783019851571969995,39.867,,0.025,64814.462,"CooperativeService{guidedPlanning, status=request, vehicleId=0x7665682d3733, requestedHorizonMs=2500, confidence=100, planning.waypoints=1, offloadTaskId=udp-probe-887, offloadPayload=1024 bytes}"
5g-udp-sender,1783019851829950291,edge4av-real-20260702-multiclient-scalability-run-4,p5g-scale-udp-payload-1024-clients-100,scale,guided-planning,udp,veh-73,veh-73,rsu-1,p5g-scale-udp-payload-1024-clients-100-veh-73-888,ipi-session-1,multiclient-scalability-run-4,veh-73,888,100-clients,default,stationary,unsynced,true,true,clients,100,count,IPI-CooperativeService,1102,1783019851772124402,1783019787016941843,1783019787016970953,1783019851829950291,57.826,,0.029,64812.979,"CooperativeService{guidedPlanning, status=request, vehicleId=0x7665682d3733, requestedHorizonMs=2500, confidence=100, planning.waypoints=1, offloadTaskId=udp-probe-888, offloadPayload=1024 bytes}"
5g-udp-sender,1783019852083943081,edge4av-real-20260702-multiclient-scalability-run-4,p5g-scale-udp-payload-1024-clients-100,scale,guided-planning,udp,veh-73,veh-73,rsu-1,p5g-scale-udp-payload-1024-clients-100-veh-73-889,ipi-session-1,multiclient-scalability-run-4,veh-73,889,100-clients,default,stationary,unsynced,true,true,clients,100,count,IPI-CooperativeService,1102,1783019852030082145,1783019787267338155,1783019787267388806,1783019852083943081,53.861,,0.051,64816.554,"CooperativeService{guidedPlanning, status=request, vehicleId=0x7665682d3733, requestedHorizonMs=2500, confidence=100, planning.waypoints=1, offloadTaskId=udp-probe-889, offloadPayload=1024 bytes}"
5g-udp-sender,1783019852343875734,edge4av-real-20260702-multiclient-scalability-run-4,p5g-scale-udp-payload-1024-clients-100,scale,guided-planning,udp,veh-73,veh-73,rsu-1,p5g-scale-udp-payload-1024-clients-100-veh-73-890,ipi-session-1,multiclient-scalability-run-4,veh-73,890,100-clients,default,stationary,unsynced,true,true,clients,100,count,IPI-CooperativeService,1102,1783019852284050643,1783019787527923224,1783019787527952870,1783019852343875734,59.825,,0.030,64815.923,"CooperativeService{guidedPlanning, status=request, vehicleId=0x7665682d3733, requestedHorizonMs=2500, confidence=100, planning.waypoints=1, offloadTaskId=udp-probe-890, offloadPayload=1024 bytes}"
5g-udp-sender,1783019852669995411,edge4av-real-20260702-multiclient-scalability-run-4,p5g-scale-udp-payload-1024-clients-100,scale,guided-planning,udp,veh-73,veh-73,rsu-1,p5g-scale-udp-payload-1024-clients-100-veh-73-891,ipi-session-1,multiclient-scalability-run-4,veh-73,891,100-clients,default,stationary,unsynced,true,true,clients,100,count,IPI-CooperativeService,1102,1783019852544027771,1783019787858155920,1783019787858205304,1783019852669995411,125.968,,0.049,64811.790,"CooperativeService{guidedPlanning, status=request, vehicleId=0x7665682d3733, requestedHorizonMs=2500, confidence=100, planning.waypoints=1, offloadTaskId=udp-probe-891, offloadPayload=1024 bytes}"
5g-udp-sender,1783019853005895028,edge4av-real-20260702-multiclient-scalability-run-4,p5g-scale-udp-payload-1024-clients-100,scale,guided-planning,udp,veh-73,veh-73,rsu-1,p5g-scale-udp-payload-1024-clients-100-veh-73-892,ipi-session-1,multiclient-scalability-run-4,veh-73,892,100-clients,default,stationary,unsynced,true,true,clients,100,count,IPI-CooperativeService,1102,1783019852870139929,1783019788189074766,1783019788189101843,1783019853005895028,135.755,,0.027,64816.793,"CooperativeService{guidedPlanning, status=request, vehicleId=0x7665682d3733, requestedHorizonMs=2500, confidence=100, planning.waypoints=1, offloadTaskId=udp-probe-892, offloadPayload=1024 bytes}"
5g-udp-sender,1783019853323963177,edge4av-real-20260702-multiclient-scalability-run-4,p5g-scale-udp-payload-1024-clients-100,scale,guided-planning,udp,veh-73,veh-73,rsu-1,p5g-scale-udp-payload-1024-clients-100-veh-73-893,ipi-session-1,multiclient-scalability-run-4,veh-73,893,100-clients,default,stationary,unsynced,true,true,clients,100,count,IPI-CooperativeService,1102,1783019853206043124,1783019788509479365,1783019788509506597,1783019853323963177,117.920,,0.027,64814.457,"CooperativeService{guidedPlanning, status=request, vehicleId=0x7665682d3733, requestedHorizonMs=2500, confidence=100, planning.waypoints=1, offloadTaskId=udp-probe-893, offloadPayload=1024 bytes}"
5g-udp-sender,1783019853606133235,edge4av-real-20260702-multiclient-scalability-run-4,p5g-scale-udp-payload-1024-clients-100,scale,guided-planning,udp,veh-73,veh-73,rsu-1,p5g-scale-udp-payload-1024-clients-100-veh-73-894,ipi-session-1,multiclient-scalability-run-4,veh-73,894,100-clients,default,stationary,unsynced,true,true,clients,100,count,IPI-CooperativeService,1102,1783019853524114006,1783019788789864035,1783019788789914914,1783019853606133235,82.019,,0.051,64816.218,"CooperativeService{guidedPlanning, status=request, vehicleId=0x7665682d3733, requestedHorizonMs=2500, confidence=100, planning.waypoints=1, offloadTaskId=udp-probe-894, offloadPayload=1024 bytes}"
5g-udp-sender,1783019853923839957,edge4av-real-20260702-multiclient-scalability-run-4,p5g-scale-udp-payload-1024-clients-100,scale,guided-planning,udp,veh-73,veh-73,rsu-1,p5g-scale-udp-payload-1024-clients-100-veh-73-895,ipi-session-1,multiclient-scalability-run-4,veh-73,895,100-clients,default,stationary,unsynced,true,true,clients,100,count,IPI-CooperativeService,1102,1783019853806327892,1783019789110735250,1783019789110764120,1783019853923839957,117.512,,0.029,64813.076,"CooperativeService{guidedPlanning, status=request, vehicleId=0x7665682d3733, requestedHorizonMs=2500, confidence=100, planning.waypoints=1, offloadTaskId=udp-probe-895, offloadPayload=1024 bytes}"
5g-udp-sender,1783019854249601309,edge4av-real-20260702-multiclient-scalability-run-4,p5g-scale-udp-payload-1024-clients-100,scale,guided-planning,udp,veh-73,veh-73,rsu-1,p5g-scale-udp-payload-1024-clients-100-veh-73-896,ipi-session-1,multiclient-scalability-run-4,veh-73,896,100-clients,default,stationary,unsynced,true,true,clients,100,count,IPI-CooperativeService,1102,1783019854123988433,1783019789431179958,1783019789431229366,1783019854249601309,125.613,,0.049,64818.372,"CooperativeService{guidedPlanning, status=request, vehicleId=0x7665682d3733, requestedHorizonMs=2500, confidence=100, planning.waypoints=1, offloadTaskId=udp-probe-896, offloadPayload=1024 bytes}"
5g-udp-sender,1783019854571860043,edge4av-real-20260702-multiclient-scalability-run-4,p5g-scale-udp-payload-1024-clients-100,scale,guided-planning,udp,veh-73,veh-73,rsu-1,p5g-scale-udp-payload-1024-clients-100-veh-73-897,ipi-session-1,multiclient-scalability-run-4,veh-73,897,100-clients,default,stationary,unsynced,true,true,clients,100,count,IPI-CooperativeService,1102,1783019854449747655,1783019789752257144,1783019789752281625,1783019854571860043,122.112,,0.024,64819.578,"CooperativeService{guidedPlanning, status=request, vehicleId=0x7665682d3733, requestedHorizonMs=2500, confidence=100, planning.waypoints=1, offloadTaskId=udp-probe-897, offloadPayload=1024 bytes}"
5g-udp-sender,1783019854855962366,edge4av-real-20260702-multiclient-scalability-run-4,p5g-scale-udp-payload-1024-clients-100,scale,guided-planning,udp,veh-73,veh-73,rsu-1,p5g-scale-udp-payload-1024-clients-100-veh-73-898,ipi-session-1,multiclient-scalability-run-4,veh-73,898,100-clients,default,stationary,unsynced,true,true,clients,100,count,IPI-CooperativeService,1102,1783019854772012363,1783019790042286510,1783019790042313817,1783019854855962366,83.950,,0.027,64813.649,"CooperativeService{guidedPlanning, status=request, vehicleId=0x7665682d3733, requestedHorizonMs=2500, confidence=100, planning.waypoints=1, offloadTaskId=udp-probe-898, offloadPayload=1024 bytes}"
5g-udp-sender,1783019855165943832,edge4av-real-20260702-multiclient-scalability-run-4,p5g-scale-udp-payload-1024-clients-100,scale,guided-planning,udp,veh-73,veh-73,rsu-1,p5g-scale-udp-payload-1024-clients-100-veh-73-899,ipi-session-1,multiclient-scalability-run-4,veh-73,899,100-clients,default,stationary,unsynced,true,true,clients,100,count,IPI-CooperativeService,1102,1783019855056070515,1783019790352649857,1783019790352733741,1783019855165943832,109.873,,0.084,64813.210,"CooperativeService{guidedPlanning, status=request, vehicleId=0x7665682d3733, requestedHorizonMs=2500, confidence=100, planning.waypoints=1, offloadTaskId=udp-probe-899, offloadPayload=1024 bytes}"
5g-udp-sender,1783019855507823279,edge4av-real-20260702-multiclient-scalability-run-4,p5g-scale-udp-payload-1024-clients-100,scale,guided-planning,udp,veh-73,veh-73,rsu-1,p5g-scale-udp-payload-1024-clients-100-veh-73-900,ipi-session-1,multiclient-scalability-run-4,veh-73,900,100-clients,default,stationary,unsynced,true,true,clients,100,count,IPI-CooperativeService,1102,1783019855366095225,1783019790693089536,1783019790693139452,1783019855507823279,141.728,,0.050,64814.684,"CooperativeService{guidedPlanning, status=request, vehicleId=0x7665682d3733, requestedHorizonMs=2500, confidence=100, planning.waypoints=1, offloadTaskId=udp-probe-900, offloadPayload=1024 bytes}"
5g-udp-sender,1783019855747990657,edge4av-real-20260702-multiclient-scalability-run-4,p5g-scale-udp-payload-1024-clients-100,scale,guided-planning,udp,veh-73,veh-73,rsu-1,p5g-scale-udp-payload-1024-clients-100-veh-73-901,ipi-session-1,multiclient-scalability-run-4,veh-73,901,100-clients,default,stationary,unsynced,true,true,clients,100,count,IPI-CooperativeService,1102,1783019855708015453,1783019790934008662,1783019790934035174,1783019855747990657,39.975,,0.027,64813.955,"CooperativeService{guidedPlanning, status=request, vehicleId=0x7665682d3733, requestedHorizonMs=2500, confidence=100, planning.waypoints=1, offloadTaskId=udp-probe-901, offloadPayload=1024 bytes}"
5g-udp-sender,1783019856001963241,edge4av-real-20260702-multiclient-scalability-run-4,p5g-scale-udp-payload-1024-clients-100,scale,guided-planning,udp,veh-73,veh-73,rsu-1,p5g-scale-udp-payload-1024-clients-100-veh-73-902,ipi-session-1,multiclient-scalability-run-4,veh-73,902,100-clients,default,stationary,unsynced,true,true,clients,100,count,IPI-CooperativeService,1102,1783019855948098456,1783019791184223754,1783019791184274135,1783019856001963241,53.865,,0.050,64817.689,"CooperativeService{guidedPlanning, status=request, vehicleId=0x7665682d3733, requestedHorizonMs=2500, confidence=100, planning.waypoints=1, offloadTaskId=udp-probe-902, offloadPayload=1024 bytes}"
5g-udp-sender,1783019856237915956,edge4av-real-20260702-multiclient-scalability-run-4,p5g-scale-udp-payload-1024-clients-100,scale,guided-planning,udp,veh-73,veh-73,rsu-1,p5g-scale-udp-payload-1024-clients-100-veh-73-903,ipi-session-1,multiclient-scalability-run-4,veh-73,903,100-clients,default,stationary,unsynced,true,true,clients,100,count,IPI-CooperativeService,1102,1783019856202109031,1783019791424769640,1783019791424819463,1783019856237915956,35.807,,0.050,64813.096,"CooperativeService{guidedPlanning, status=request, vehicleId=0x7665682d3733, requestedHorizonMs=2500, confidence=100, planning.waypoints=1, offloadTaskId=udp-probe-903, offloadPayload=1024 bytes}"
5g-udp-sender,1783019856469865693,edge4av-real-20260702-multiclient-scalability-run-4,p5g-scale-udp-payload-1024-clients-100,scale,guided-planning,udp,veh-73,veh-73,rsu-1,p5g-scale-udp-payload-1024-clients-100-veh-73-904,ipi-session-1,multiclient-scalability-run-4,veh-73,904,100-clients,default,stationary,unsynced,true,true,clients,100,count,IPI-CooperativeService,1102,1783019856438042432,1783019791655404999,1783019791655427403,1783019856469865693,31.823,,0.022,64814.438,"CooperativeService{guidedPlanning, status=request, vehicleId=0x7665682d3733, requestedHorizonMs=2500, confidence=100, planning.waypoints=1, offloadTaskId=udp-probe-904, offloadPayload=1024 bytes}"
5g-udp-sender,1783019856717009808,edge4av-real-20260702-multiclient-scalability-run-4,p5g-scale-udp-payload-1024-clients-100,scale,guided-planning,udp,veh-73,veh-73,rsu-1,p5g-scale-udp-payload-1024-clients-100-veh-73-905,ipi-session-1,multiclient-scalability-run-4,veh-73,905,100-clients,default,stationary,unsynced,true,true,clients,100,count,IPI-CooperativeService,1102,1783019856669985873,1783019791905509833,1783019791905560074,1783019856717009808,47.024,,0.050,64811.450,"CooperativeService{guidedPlanning, status=request, vehicleId=0x7665682d3733, requestedHorizonMs=2500, confidence=100, planning.waypoints=1, offloadTaskId=udp-probe-905, offloadPayload=1024 bytes}"
5g-udp-sender,1783019856971897782,edge4av-real-20260702-multiclient-scalability-run-4,p5g-scale-udp-payload-1024-clients-100,scale,guided-planning,udp,veh-73,veh-73,rsu-1,p5g-scale-udp-payload-1024-clients-100-veh-73-906,ipi-session-1,multiclient-scalability-run-4,veh-73,906,100-clients,default,stationary,unsynced,true,true,clients,100,count,IPI-CooperativeService,1102,1783019856917161030,1783019792156245740,1783019792156269262,1783019856971897782,54.737,,0.024,64815.629,"CooperativeService{guidedPlanning, status=request, vehicleId=0x7665682d3733, requestedHorizonMs=2500, confidence=100, planning.waypoints=1, offloadTaskId=udp-probe-906, offloadPayload=1024 bytes}"
5g-udp-sender,1783019857233911969,edge4av-real-20260702-multiclient-scalability-run-4,p5g-scale-udp-payload-1024-clients-100,scale,guided-planning,udp,veh-73,veh-73,rsu-1,p5g-scale-udp-payload-1024-clients-100-veh-73-907,ipi-session-1,multiclient-scalability-run-4,veh-73,907,100-clients,default,stationary,unsynced,true,true,clients,100,count,IPI-CooperativeService,1102,1783019857172070352,1783019792416486459,1783019792416513469,1783019857233911969,61.842,,0.027,64817.399,"CooperativeService{guidedPlanning, status=request, vehicleId=0x7665682d3733, requestedHorizonMs=2500, confidence=100, planning.waypoints=1, offloadTaskId=udp-probe-907, offloadPayload=1024 bytes}"
5g-udp-sender,1783019857471988331,edge4av-real-20260702-multiclient-scalability-run-4,p5g-scale-udp-payload-1024-clients-100,scale,guided-planning,udp,veh-73,veh-73,rsu-1,p5g-scale-udp-payload-1024-clients-100-veh-73-908,ipi-session-1,multiclient-scalability-run-4,veh-73,908,100-clients,default,stationary,unsynced,true,true,clients,100,count,IPI-CooperativeService,1102,1783019857434016908,1783019792656988243,1783019792657015484,1783019857471988331,37.971,,0.027,64814.973,"CooperativeService{guidedPlanning, status=request, vehicleId=0x7665682d3733, requestedHorizonMs=2500, confidence=100, planning.waypoints=1, offloadTaskId=udp-probe-908, offloadPayload=1024 bytes}"
5g-udp-sender,1783019857716011270,edge4av-real-20260702-multiclient-scalability-run-4,p5g-scale-udp-payload-1024-clients-100,scale,guided-planning,udp,veh-73,veh-73,rsu-1,p5g-scale-udp-payload-1024-clients-100-veh-73-909,ipi-session-1,multiclient-scalability-run-4,veh-73,909,100-clients,default,stationary,unsynced,true,true,clients,100,count,IPI-CooperativeService,1102,1783019857672141080,1783019792897342412,1783019792897390724,1783019857716011270,43.870,,0.048,64818.621,"CooperativeService{guidedPlanning, status=request, vehicleId=0x7665682d3733, requestedHorizonMs=2500, confidence=100, planning.waypoints=1, offloadTaskId=udp-probe-909, offloadPayload=1024 bytes}"
5g-udp-sender,1783019857944121706,edge4av-real-20260702-multiclient-scalability-run-4,p5g-scale-udp-payload-1024-clients-100,scale,guided-planning,udp,veh-73,veh-73,rsu-1,p5g-scale-udp-payload-1024-clients-100-veh-73-910,ipi-session-1,multiclient-scalability-run-4,veh-73,910,100-clients,default,stationary,unsynced,true,true,clients,100,count,IPI-CooperativeService,1102,1783019857916159602,1783019793127964163,1783019793127986100,1783019857944121706,27.962,,0.022,64816.136,"CooperativeService{guidedPlanning, status=request, vehicleId=0x7665682d3733, requestedHorizonMs=2500, confidence=100, planning.waypoints=1, offloadTaskId=udp-probe-910, offloadPayload=1024 bytes}"
5g-udp-sender,1783019858191956393,edge4av-real-20260702-multiclient-scalability-run-4,p5g-scale-udp-payload-1024-clients-100,scale,guided-planning,udp,veh-73,veh-73,rsu-1,p5g-scale-udp-payload-1024-clients-100-veh-73-911,ipi-session-1,multiclient-scalability-run-4,veh-73,911,100-clients,default,stationary,unsynced,true,true,clients,100,count,IPI-CooperativeService,1102,1783019858144261354,1783019793368271481,1783019793368293445,1783019858191956393,47.695,,0.022,64823.663,"CooperativeService{guidedPlanning, status=request, vehicleId=0x7665682d3733, requestedHorizonMs=2500, confidence=100, planning.waypoints=1, offloadTaskId=udp-probe-911, offloadPayload=1024 bytes}"
5g-udp-sender,1783019858435960637,edge4av-real-20260702-multiclient-scalability-run-4,p5g-scale-udp-payload-1024-clients-100,scale,guided-planning,udp,veh-73,veh-73,rsu-1,p5g-scale-udp-payload-1024-clients-100-veh-73-912,ipi-session-1,multiclient-scalability-run-4,veh-73,912,100-clients,default,stationary,unsynced,true,true,clients,100,count,IPI-CooperativeService,1102,1783019858392113375,1783019793618732650,1783019793618758839,1783019858435960637,43.847,,0.026,64817.202,"CooperativeService{guidedPlanning, status=request, vehicleId=0x7665682d3733, requestedHorizonMs=2500, confidence=100, planning.waypoints=1, offloadTaskId=udp-probe-912, offloadPayload=1024 bytes}"
5g-udp-sender,1783019858672084126,edge4av-real-20260702-multiclient-scalability-run-4,p5g-scale-udp-payload-1024-clients-100,scale,guided-planning,udp,veh-73,veh-73,rsu-1,p5g-scale-udp-payload-1024-clients-100-veh-73-913,ipi-session-1,multiclient-scalability-run-4,veh-73,913,100-clients,default,stationary,unsynced,true,true,clients,100,count,IPI-CooperativeService,1102,1783019858636135948,1783019793858578656,1783019793858629435,1783019858672084126,35.948,,0.051,64813.455,"CooperativeService{guidedPlanning, status=request, vehicleId=0x7665682d3733, requestedHorizonMs=2500, confidence=100, planning.waypoints=1, offloadTaskId=udp-probe-913, offloadPayload=1024 bytes}"
5g-udp-sender,1783019858907895280,edge4av-real-20260702-multiclient-scalability-run-4,p5g-scale-udp-payload-1024-clients-100,scale,guided-planning,udp,veh-73,veh-73,rsu-1,p5g-scale-udp-payload-1024-clients-100-veh-73-914,ipi-session-1,multiclient-scalability-run-4,veh-73,914,100-clients,default,stationary,unsynced,true,true,clients,100,count,IPI-CooperativeService,1102,1783019858872193622,1783019794089733873,1783019794089764219,1783019858907895280,35.702,,0.030,64818.131,"CooperativeService{guidedPlanning, status=request, vehicleId=0x7665682d3733, requestedHorizonMs=2500, confidence=100, planning.waypoints=1, offloadTaskId=udp-probe-914, offloadPayload=1024 bytes}"
5g-udp-sender,1783019859144031536,edge4av-real-20260702-multiclient-scalability-run-4,p5g-scale-udp-payload-1024-clients-100,scale,guided-planning,udp,veh-73,veh-73,rsu-1,p5g-scale-udp-payload-1024-clients-100-veh-73-915,ipi-session-1,multiclient-scalability-run-4,veh-73,915,100-clients,default,stationary,unsynced,true,true,clients,100,count,IPI-CooperativeService,1102,1783019859108048565,1783019794330280190,1783019794330307618,1783019859144031536,35.983,,0.027,64813.724,"CooperativeService{guidedPlanning, status=request, vehicleId=0x7665682d3733, requestedHorizonMs=2500, confidence=100, planning.waypoints=1, offloadTaskId=udp-probe-915, offloadPayload=1024 bytes}"
5g-udp-sender,1783019859393980655,edge4av-real-20260702-multiclient-scalability-run-4,p5g-scale-udp-payload-1024-clients-100,scale,guided-planning,udp,veh-73,veh-73,rsu-1,p5g-scale-udp-payload-1024-clients-100-veh-73-916,ipi-session-1,multiclient-scalability-run-4,veh-73,916,100-clients,default,stationary,unsynced,true,true,clients,100,count,IPI-CooperativeService,1102,1783019859344175184,1783019794580058862,1783019794580109405,1783019859393980655,49.805,,0.051,64813.871,"CooperativeService{guidedPlanning, status=request, vehicleId=0x7665682d3733, requestedHorizonMs=2500, confidence=100, planning.waypoints=1, offloadTaskId=udp-probe-916, offloadPayload=1024 bytes}"
5g-udp-sender,1783019859653962877,edge4av-real-20260702-multiclient-scalability-run-4,p5g-scale-udp-payload-1024-clients-100,scale,guided-planning,udp,veh-73,veh-73,rsu-1,p5g-scale-udp-payload-1024-clients-100-veh-73-917,ipi-session-1,multiclient-scalability-run-4,veh-73,917,100-clients,default,stationary,unsynced,true,true,clients,100,count,IPI-CooperativeService,1102,1783019859594130980,1783019794840918345,1783019794840941226,1783019859653962877,59.832,,0.023,64813.022,"CooperativeService{guidedPlanning, status=request, vehicleId=0x7665682d3733, requestedHorizonMs=2500, confidence=100, planning.waypoints=1, offloadTaskId=udp-probe-917, offloadPayload=1024 bytes}"
5g-udp-sender,1783019859924003598,edge4av-real-20260702-multiclient-scalability-run-4,p5g-scale-udp-payload-1024-clients-100,scale,guided-planning,udp,veh-73,veh-73,rsu-1,p5g-scale-udp-payload-1024-clients-100-veh-73-918,ipi-session-1,multiclient-scalability-run-4,veh-73,918,100-clients,default,stationary,unsynced,true,true,clients,100,count,IPI-CooperativeService,1102,1783019859854111252,1783019795110976073,1783019795111026346,1783019859924003598,69.892,,0.050,64812.977,"CooperativeService{guidedPlanning, status=request, vehicleId=0x7665682d3733, requestedHorizonMs=2500, confidence=100, planning.waypoints=1, offloadTaskId=udp-probe-918, offloadPayload=1024 bytes}"
5g-udp-sender,1783019860190083693,edge4av-real-20260702-multiclient-scalability-run-4,p5g-scale-udp-payload-1024-clients-100,scale,guided-planning,udp,veh-73,veh-73,rsu-1,p5g-scale-udp-payload-1024-clients-100-veh-73-919,ipi-session-1,multiclient-scalability-run-4,veh-73,919,100-clients,default,stationary,unsynced,true,true,clients,100,count,IPI-CooperativeService,1102,1783019860124201223,1783019795372093356,1783019795372147125,1783019860190083693,65.882,,0.054,64817.937,"CooperativeService{guidedPlanning, status=request, vehicleId=0x7665682d3733, requestedHorizonMs=2500, confidence=100, planning.waypoints=1, offloadTaskId=udp-probe-919, offloadPayload=1024 bytes}"
5g-udp-sender,1783019860457917943,edge4av-real-20260702-multiclient-scalability-run-4,p5g-scale-udp-payload-1024-clients-100,scale,guided-planning,udp,veh-73,veh-73,rsu-1,p5g-scale-udp-payload-1024-clients-100-veh-73-920,ipi-session-1,multiclient-scalability-run-4,veh-73,920,100-clients,default,stationary,unsynced,true,true,clients,100,count,IPI-CooperativeService,1102,1783019860390232770,1783019795642126561,1783019795642153916,1783019860457917943,67.685,,0.027,64815.764,"CooperativeService{guidedPlanning, status=request, vehicleId=0x7665682d3733, requestedHorizonMs=2500, confidence=100, planning.waypoints=1, offloadTaskId=udp-probe-920, offloadPayload=1024 bytes}"
5g-udp-sender,1783019860698067012,edge4av-real-20260702-multiclient-scalability-run-4,p5g-scale-udp-payload-1024-clients-100,scale,guided-planning,udp,veh-73,veh-73,rsu-1,p5g-scale-udp-payload-1024-clients-100-veh-73-921,ipi-session-1,multiclient-scalability-run-4,veh-73,921,100-clients,default,stationary,unsynced,true,true,clients,100,count,IPI-CooperativeService,1102,1783019860658061170,1783019795882202371,1783019795882251901,1783019860698067012,40.006,,0.050,64815.815,"CooperativeService{guidedPlanning, status=request, vehicleId=0x7665682d3733, requestedHorizonMs=2500, confidence=100, planning.waypoints=1, offloadTaskId=udp-probe-921, offloadPayload=1024 bytes}"
5g-udp-sender,1783019860940016944,edge4av-real-20260702-multiclient-scalability-run-4,p5g-scale-udp-payload-1024-clients-100,scale,guided-planning,udp,veh-73,veh-73,rsu-1,p5g-scale-udp-payload-1024-clients-100-veh-73-922,ipi-session-1,multiclient-scalability-run-4,veh-73,922,100-clients,default,stationary,unsynced,true,true,clients,100,count,IPI-CooperativeService,1102,1783019860898214946,1783019796123542851,1783019796123565605,1783019860940016944,41.802,,0.023,64816.451,"CooperativeService{guidedPlanning, status=request, vehicleId=0x7665682d3733, requestedHorizonMs=2500, confidence=100, planning.waypoints=1, offloadTaskId=udp-probe-922, offloadPayload=1024 bytes}"
5g-udp-sender,1783019861179949520,edge4av-real-20260702-multiclient-scalability-run-4,p5g-scale-udp-payload-1024-clients-100,scale,guided-planning,udp,veh-73,veh-73,rsu-1,p5g-scale-udp-payload-1024-clients-100-veh-73-923,ipi-session-1,multiclient-scalability-run-4,veh-73,923,100-clients,default,stationary,unsynced,true,true,clients,100,count,IPI-CooperativeService,1102,1783019861140161988,1783019796363618026,1783019796363644726,1783019861179949520,39.788,,0.027,64816.305,"CooperativeService{guidedPlanning, status=request, vehicleId=0x7665682d3733, requestedHorizonMs=2500, confidence=100, planning.waypoints=1, offloadTaskId=udp-probe-923, offloadPayload=1024 bytes}"
5g-udp-sender,1783019861428000448,edge4av-real-20260702-multiclient-scalability-run-4,p5g-scale-udp-payload-1024-clients-100,scale,guided-planning,udp,veh-73,veh-73,rsu-1,p5g-scale-udp-payload-1024-clients-100-veh-73-924,ipi-session-1,multiclient-scalability-run-4,veh-73,924,100-clients,default,stationary,unsynced,true,true,clients,100,count,IPI-CooperativeService,1102,1783019861380101798,1783019796613838468,1783019796613865608,1783019861428000448,47.899,,0.027,64814.135,"CooperativeService{guidedPlanning, status=request, vehicleId=0x7665682d3733, requestedHorizonMs=2500, confidence=100, planning.waypoints=1, offloadTaskId=udp-probe-924, offloadPayload=1024 bytes}"
5g-udp-sender,1783019861701944418,edge4av-real-20260702-multiclient-scalability-run-4,p5g-scale-udp-payload-1024-clients-100,scale,guided-planning,udp,veh-73,veh-73,rsu-1,p5g-scale-udp-payload-1024-clients-100-veh-73-925,ipi-session-1,multiclient-scalability-run-4,veh-73,925,100-clients,default,stationary,unsynced,true,true,clients,100,count,IPI-CooperativeService,1102,1783019861628184660,1783019796884539819,1783019796884565928,1783019861701944418,73.760,,0.026,64817.378,"CooperativeService{guidedPlanning, status=request, vehicleId=0x7665682d3733, requestedHorizonMs=2500, confidence=100, planning.waypoints=1, offloadTaskId=udp-probe-925, offloadPayload=1024 bytes}"
5g-udp-sender,1783019861960004034,edge4av-real-20260702-multiclient-scalability-run-4,p5g-scale-udp-payload-1024-clients-100,scale,guided-planning,udp,veh-73,veh-73,rsu-1,p5g-scale-udp-payload-1024-clients-100-veh-73-926,ipi-session-1,multiclient-scalability-run-4,veh-73,926,100-clients,default,stationary,unsynced,true,true,clients,100,count,IPI-CooperativeService,1102,1783019861902089872,1783019797145164360,1783019797145187079,1783019861960004034,57.914,,0.023,64814.817,"CooperativeService{guidedPlanning, status=request, vehicleId=0x7665682d3733, requestedHorizonMs=2500, confidence=100, planning.waypoints=1, offloadTaskId=udp-probe-926, offloadPayload=1024 bytes}"
5g-udp-sender,1783019862202047464,edge4av-real-20260702-multiclient-scalability-run-4,p5g-scale-udp-payload-1024-clients-100,scale,guided-planning,udp,veh-73,veh-73,rsu-1,p5g-scale-udp-payload-1024-clients-100-veh-73-927,ipi-session-1,multiclient-scalability-run-4,veh-73,927,100-clients,default,stationary,unsynced,true,true,clients,100,count,IPI-CooperativeService,1102,1783019862160151405,1783019797385484232,1783019797385506535,1783019862202047464,41.896,,0.022,64816.541,"CooperativeService{guidedPlanning, status=request, vehicleId=0x7665682d3733, requestedHorizonMs=2500, confidence=100, planning.waypoints=1, offloadTaskId=udp-probe-927, offloadPayload=1024 bytes}"
5g-udp-sender,1783019862461996267,edge4av-real-20260702-multiclient-scalability-run-4,p5g-scale-udp-payload-1024-clients-100,scale,guided-planning,udp,veh-73,veh-73,rsu-1,p5g-scale-udp-payload-1024-clients-100-veh-73-928,ipi-session-1,multiclient-scalability-run-4,veh-73,928,100-clients,default,stationary,unsynced,true,true,clients,100,count,IPI-CooperativeService,1102,1783019862402194548,1783019797645965068,1783019797645988124,1783019862461996267,59.802,,0.023,64816.008,"CooperativeService{guidedPlanning, status=request, vehicleId=0x7665682d3733, requestedHorizonMs=2500, confidence=100, planning.waypoints=1, offloadTaskId=udp-probe-928, offloadPayload=1024 bytes}"
5g-udp-sender,1783019862711961012,edge4av-real-20260702-multiclient-scalability-run-4,p5g-scale-udp-payload-1024-clients-100,scale,guided-planning,udp,veh-73,veh-73,rsu-1,p5g-scale-udp-payload-1024-clients-100-veh-73-929,ipi-session-1,multiclient-scalability-run-4,veh-73,929,100-clients,default,stationary,unsynced,true,true,clients,100,count,IPI-CooperativeService,1102,1783019862662145178,1783019797896455875,1783019797896478263,1783019862711961012,49.816,,0.022,64815.483,"CooperativeService{guidedPlanning, status=request, vehicleId=0x7665682d3733, requestedHorizonMs=2500, confidence=100, planning.waypoints=1, offloadTaskId=udp-probe-929, offloadPayload=1024 bytes}"
5g-udp-sender,1783019862961924697,edge4av-real-20260702-multiclient-scalability-run-4,p5g-scale-udp-payload-1024-clients-100,scale,guided-planning,udp,veh-73,veh-73,rsu-1,p5g-scale-udp-payload-1024-clients-100-veh-73-930,ipi-session-1,multiclient-scalability-run-4,veh-73,930,100-clients,default,stationary,unsynced,true,true,clients,100,count,IPI-CooperativeService,1102,1783019862912113946,1783019798147048244,1783019798147072878,1783019862961924697,49.811,,0.025,64814.852,"CooperativeService{guidedPlanning, status=request, vehicleId=0x7665682d3733, requestedHorizonMs=2500, confidence=100, planning.waypoints=1, offloadTaskId=udp-probe-930, offloadPayload=1024 bytes}"
5g-udp-sender,1783019863211885065,edge4av-real-20260702-multiclient-scalability-run-4,p5g-scale-udp-payload-1024-clients-100,scale,guided-planning,udp,veh-73,veh-73,rsu-1,p5g-scale-udp-payload-1024-clients-100-veh-73-931,ipi-session-1,multiclient-scalability-run-4,veh-73,931,100-clients,default,stationary,unsynced,true,true,clients,100,count,IPI-CooperativeService,1102,1783019863162112425,1783019798397330410,1783019798397358301,1783019863211885065,49.773,,0.028,64814.527,"CooperativeService{guidedPlanning, status=request, vehicleId=0x7665682d3733, requestedHorizonMs=2500, confidence=100, planning.waypoints=1, offloadTaskId=udp-probe-931, offloadPayload=1024 bytes}"
5g-udp-sender,1783019863457987885,edge4av-real-20260702-multiclient-scalability-run-4,p5g-scale-udp-payload-1024-clients-100,scale,guided-planning,udp,veh-73,veh-73,rsu-1,p5g-scale-udp-payload-1024-clients-100-veh-73-932,ipi-session-1,multiclient-scalability-run-4,veh-73,932,100-clients,default,stationary,unsynced,true,true,clients,100,count,IPI-CooperativeService,1102,1783019863412039109,1783019798647040614,1783019798647091748,1783019863457987885,45.949,,0.051,64810.896,"CooperativeService{guidedPlanning, status=request, vehicleId=0x7665682d3733, requestedHorizonMs=2500, confidence=100, planning.waypoints=1, offloadTaskId=udp-probe-932, offloadPayload=1024 bytes}"
5g-udp-sender,1783019863722166711,edge4av-real-20260702-multiclient-scalability-run-4,p5g-scale-udp-payload-1024-clients-100,scale,guided-planning,udp,veh-73,veh-73,rsu-1,p5g-scale-udp-payload-1024-clients-100-veh-73-933,ipi-session-1,multiclient-scalability-run-4,veh-73,933,100-clients,default,stationary,unsynced,true,true,clients,100,count,IPI-CooperativeService,1102,1783019863658139109,1783019798897779929,1783019798897810543,1783019863722166711,64.028,,0.031,64824.356,"CooperativeService{guidedPlanning, status=request, vehicleId=0x7665682d3733, requestedHorizonMs=2500, confidence=100, planning.waypoints=1, offloadTaskId=udp-probe-933, offloadPayload=1024 bytes}"
5g-udp-sender,1783019863983996868,edge4av-real-20260702-multiclient-scalability-run-4,p5g-scale-udp-payload-1024-clients-100,scale,guided-planning,udp,veh-73,veh-73,rsu-1,p5g-scale-udp-payload-1024-clients-100-veh-73-934,ipi-session-1,multiclient-scalability-run-4,veh-73,934,100-clients,default,stationary,unsynced,true,true,clients,100,count,IPI-CooperativeService,1102,1783019863922312138,1783019799168614435,1783019799168638152,1783019863983996868,61.685,,0.024,64815.359,"CooperativeService{guidedPlanning, status=request, vehicleId=0x7665682d3733, requestedHorizonMs=2500, confidence=100, planning.waypoints=1, offloadTaskId=udp-probe-934, offloadPayload=1024 bytes}"
5g-udp-sender,1783019864242534142,edge4av-real-20260702-multiclient-scalability-run-4,p5g-scale-udp-payload-1024-clients-100,scale,guided-planning,udp,veh-73,veh-73,rsu-1,p5g-scale-udp-payload-1024-clients-100-veh-73-935,ipi-session-1,multiclient-scalability-run-4,veh-73,935,100-clients,default,stationary,unsynced,true,true,clients,100,count,IPI-CooperativeService,1102,1783019864184144958,1783019799428757188,1783019799428786024,1783019864242534142,58.389,,0.029,64813.748,"CooperativeService{guidedPlanning, status=request, vehicleId=0x7665682d3733, requestedHorizonMs=2500, confidence=100, planning.waypoints=1, offloadTaskId=udp-probe-935, offloadPayload=1024 bytes}"
5g-udp-sender,1783019864480939898,edge4av-real-20260702-multiclient-scalability-run-4,p5g-scale-udp-payload-1024-clients-100,scale,guided-planning,udp,veh-73,veh-73,rsu-1,p5g-scale-udp-payload-1024-clients-100-veh-73-936,ipi-session-1,multiclient-scalability-run-4,veh-73,936,100-clients,default,stationary,unsynced,true,true,clients,100,count,IPI-CooperativeService,1102,1783019864442688642,1783019799668939827,1783019799668989301,1783019864480939898,38.251,,0.049,64811.951,"CooperativeService{guidedPlanning, status=request, vehicleId=0x7665682d3733, requestedHorizonMs=2500, confidence=100, planning.waypoints=1, offloadTaskId=udp-probe-936, offloadPayload=1024 bytes}"
5g-udp-sender,1783019864712520926,edge4av-real-20260702-multiclient-scalability-run-4,p5g-scale-udp-payload-1024-clients-100,scale,guided-planning,udp,veh-73,veh-73,rsu-1,p5g-scale-udp-payload-1024-clients-100-veh-73-937,ipi-session-1,multiclient-scalability-run-4,veh-73,937,100-clients,default,stationary,unsynced,true,true,clients,100,count,IPI-CooperativeService,1102,1783019864681133988,1783019799899578637,1783019799899606027,1783019864712520926,31.387,,0.027,64812.915,"CooperativeService{guidedPlanning, status=request, vehicleId=0x7665682d3733, requestedHorizonMs=2500, confidence=100, planning.waypoints=1, offloadTaskId=udp-probe-937, offloadPayload=1024 bytes}"
5g-udp-sender,1783019864963900079,edge4av-real-20260702-multiclient-scalability-run-4,p5g-scale-udp-payload-1024-clients-100,scale,guided-planning,udp,veh-73,veh-73,rsu-1,p5g-scale-udp-payload-1024-clients-100-veh-73-938,ipi-session-1,multiclient-scalability-run-4,veh-73,938,100-clients,default,stationary,unsynced,true,true,clients,100,count,IPI-CooperativeService,1102,1783019864912674440,1783019800150155686,1783019800150178256,1783019864963900079,51.226,,0.023,64813.722,"CooperativeService{guidedPlanning, status=request, vehicleId=0x7665682d3733, requestedHorizonMs=2500, confidence=100, planning.waypoints=1, offloadTaskId=udp-probe-938, offloadPayload=1024 bytes}"
5g-udp-sender,1783019865203878018,edge4av-real-20260702-multiclient-scalability-run-4,p5g-scale-udp-payload-1024-clients-100,scale,guided-planning,udp,veh-73,veh-73,rsu-1,p5g-scale-udp-payload-1024-clients-100-veh-73-939,ipi-session-1,multiclient-scalability-run-4,veh-73,939,100-clients,default,stationary,unsynced,true,true,clients,100,count,IPI-CooperativeService,1102,1783019865164063066,1783019800390632287,1783019800390658666,1783019865203878018,39.815,,0.026,64813.219,"CooperativeService{guidedPlanning, status=request, vehicleId=0x7665682d3733, requestedHorizonMs=2500, confidence=100, planning.waypoints=1, offloadTaskId=udp-probe-939, offloadPayload=1024 bytes}"
5g-udp-sender,1783019865459101676,edge4av-real-20260702-multiclient-scalability-run-4,p5g-scale-udp-payload-1024-clients-100,scale,guided-planning,udp,veh-73,veh-73,rsu-1,p5g-scale-udp-payload-1024-clients-100-veh-73-940,ipi-session-1,multiclient-scalability-run-4,veh-73,940,100-clients,default,stationary,unsynced,true,true,clients,100,count,IPI-CooperativeService,1102,1783019865404039175,1783019800641016660,1783019800641043606,1783019865459101676,55.063,,0.027,64818.058,"CooperativeService{guidedPlanning, status=request, vehicleId=0x7665682d3733, requestedHorizonMs=2500, confidence=100, planning.waypoints=1, offloadTaskId=udp-probe-940, offloadPayload=1024 bytes}"
5g-udp-sender,1783019865744063070,edge4av-real-20260702-multiclient-scalability-run-4,p5g-scale-udp-payload-1024-clients-100,scale,guided-planning,udp,veh-73,veh-73,rsu-1,p5g-scale-udp-payload-1024-clients-100-veh-73-941,ipi-session-1,multiclient-scalability-run-4,veh-73,941,100-clients,default,stationary,unsynced,true,true,clients,100,count,IPI-CooperativeService,1102,1783019865659257683,1783019800931539696,1783019800931568604,1783019865744063070,84.805,,0.029,64812.494,"CooperativeService{guidedPlanning, status=request, vehicleId=0x7665682d3733, requestedHorizonMs=2500, confidence=100, planning.waypoints=1, offloadTaskId=udp-probe-941, offloadPayload=1024 bytes}"
5g-udp-sender,1783019866033949308,edge4av-real-20260702-multiclient-scalability-run-4,p5g-scale-udp-payload-1024-clients-100,scale,guided-planning,udp,veh-73,veh-73,rsu-1,p5g-scale-udp-payload-1024-clients-100-veh-73-942,ipi-session-1,multiclient-scalability-run-4,veh-73,942,100-clients,default,stationary,unsynced,true,true,clients,100,count,IPI-CooperativeService,1102,1783019865944221147,1783019801222175715,1783019801222198978,1783019866033949308,89.728,,0.023,64811.750,"CooperativeService{guidedPlanning, status=request, vehicleId=0x7665682d3733, requestedHorizonMs=2500, confidence=100, planning.waypoints=1, offloadTaskId=udp-probe-942, offloadPayload=1024 bytes}"
5g-udp-sender,1783019866361986169,edge4av-real-20260702-multiclient-scalability-run-4,p5g-scale-udp-payload-1024-clients-100,scale,guided-planning,udp,veh-73,veh-73,rsu-1,p5g-scale-udp-payload-1024-clients-100-veh-73-943,ipi-session-1,multiclient-scalability-run-4,veh-73,943,100-clients,default,stationary,unsynced,true,true,clients,100,count,IPI-CooperativeService,1102,1783019866234154531,1783019801542644268,1783019801542671446,1783019866361986169,127.832,,0.027,64819.315,"CooperativeService{guidedPlanning, status=request, vehicleId=0x7665682d3733, requestedHorizonMs=2500, confidence=100, planning.waypoints=1, offloadTaskId=udp-probe-943, offloadPayload=1024 bytes}"
5g-udp-sender,1783019866726071342,edge4av-real-20260702-multiclient-scalability-run-4,p5g-scale-udp-payload-1024-clients-100,scale,guided-planning,udp,veh-73,veh-73,rsu-1,p5g-scale-udp-payload-1024-clients-100-veh-73-944,ipi-session-1,multiclient-scalability-run-4,veh-73,944,100-clients,default,stationary,unsynced,true,true,clients,100,count,IPI-CooperativeService,1102,1783019866562166179,1783019801913018032,1783019801913067257,1783019866726071342,163.905,,0.049,64813.004,"CooperativeService{guidedPlanning, status=request, vehicleId=0x7665682d3733, requestedHorizonMs=2500, confidence=100, planning.waypoints=1, offloadTaskId=udp-probe-944, offloadPayload=1024 bytes}"
5g-udp-sender,1783019867043966463,edge4av-real-20260702-multiclient-scalability-run-4,p5g-scale-udp-payload-1024-clients-100,scale,guided-planning,udp,veh-73,veh-73,rsu-1,p5g-scale-udp-payload-1024-clients-100-veh-73-945,ipi-session-1,multiclient-scalability-run-4,veh-73,945,100-clients,default,stationary,unsynced,true,true,clients,100,count,IPI-CooperativeService,1102,1783019866926225912,1783019802223342020,1783019802223390747,1783019867043966463,117.741,,0.049,64820.576,"CooperativeService{guidedPlanning, status=request, vehicleId=0x7665682d3733, requestedHorizonMs=2500, confidence=100, planning.waypoints=1, offloadTaskId=udp-probe-945, offloadPayload=1024 bytes}"
5g-udp-sender,1783019867362027859,edge4av-real-20260702-multiclient-scalability-run-4,p5g-scale-udp-payload-1024-clients-100,scale,guided-planning,udp,veh-73,veh-73,rsu-1,p5g-scale-udp-payload-1024-clients-100-veh-73-946,ipi-session-1,multiclient-scalability-run-4,veh-73,946,100-clients,default,stationary,unsynced,true,true,clients,100,count,IPI-CooperativeService,1102,1783019867244128676,1783019802544165818,1783019802544194257,1783019867362027859,117.899,,0.028,64817.834,"CooperativeService{guidedPlanning, status=request, vehicleId=0x7665682d3733, requestedHorizonMs=2500, confidence=100, planning.waypoints=1, offloadTaskId=udp-probe-946, offloadPayload=1024 bytes}"
5g-udp-sender,1783019867669925035,edge4av-real-20260702-multiclient-scalability-run-4,p5g-scale-udp-payload-1024-clients-100,scale,guided-planning,udp,veh-73,veh-73,rsu-1,p5g-scale-udp-payload-1024-clients-100-veh-73-947,ipi-session-1,multiclient-scalability-run-4,veh-73,947,100-clients,default,stationary,unsynced,true,true,clients,100,count,IPI-CooperativeService,1102,1783019867562187538,1783019802854587626,1783019802854637929,1783019867669925035,107.737,,0.050,64815.287,"CooperativeService{guidedPlanning, status=request, vehicleId=0x7665682d3733, requestedHorizonMs=2500, confidence=100, planning.waypoints=1, offloadTaskId=udp-probe-947, offloadPayload=1024 bytes}"
5g-udp-sender,1783019867967846615,edge4av-real-20260702-multiclient-scalability-run-4,p5g-scale-udp-payload-1024-clients-100,scale,guided-planning,udp,veh-73,veh-73,rsu-1,p5g-scale-udp-payload-1024-clients-100-veh-73-948,ipi-session-1,multiclient-scalability-run-4,veh-73,948,100-clients,default,stationary,unsynced,true,true,clients,100,count,IPI-CooperativeService,1102,1783019867870096674,1783019803155094660,1783019803155122672,1783019867967846615,97.750,,0.028,64812.724,"CooperativeService{guidedPlanning, status=request, vehicleId=0x7665682d3733, requestedHorizonMs=2500, confidence=100, planning.waypoints=1, offloadTaskId=udp-probe-948, offloadPayload=1024 bytes}"
5g-udp-sender,1783019868280114481,edge4av-real-20260702-multiclient-scalability-run-4,p5g-scale-udp-payload-1024-clients-100,scale,guided-planning,udp,veh-73,veh-73,rsu-1,p5g-scale-udp-payload-1024-clients-100-veh-73-949,ipi-session-1,multiclient-scalability-run-4,veh-73,949,100-clients,default,stationary,unsynced,true,true,clients,100,count,IPI-CooperativeService,1102,1783019868168045422,1783019803465763794,1783019803465813268,1783019868280114481,112.069,,0.049,64814.301,"CooperativeService{guidedPlanning, status=request, vehicleId=0x7665682d3733, requestedHorizonMs=2500, confidence=100, planning.waypoints=1, offloadTaskId=udp-probe-949, offloadPayload=1024 bytes}"
5g-udp-sender,1783019868570030195,edge4av-real-20260702-multiclient-scalability-run-4,p5g-scale-udp-payload-1024-clients-100,scale,guided-planning,udp,veh-73,veh-73,rsu-1,p5g-scale-udp-payload-1024-clients-100-veh-73-950,ipi-session-1,multiclient-scalability-run-4,veh-73,950,100-clients,default,stationary,unsynced,true,true,clients,100,count,IPI-CooperativeService,1102,1783019868480267377,1783019803756122474,1783019803756148694,1783019868570030195,89.763,,0.026,64813.882,"CooperativeService{guidedPlanning, status=request, vehicleId=0x7665682d3733, requestedHorizonMs=2500, confidence=100, planning.waypoints=1, offloadTaskId=udp-probe-950, offloadPayload=1024 bytes}"
5g-udp-sender,1783019868812073005,edge4av-real-20260702-multiclient-scalability-run-4,p5g-scale-udp-payload-1024-clients-100,scale,guided-planning,udp,veh-73,veh-73,rsu-1,p5g-scale-udp-payload-1024-clients-100-veh-73-951,ipi-session-1,multiclient-scalability-run-4,veh-73,951,100-clients,default,stationary,unsynced,true,true,clients,100,count,IPI-CooperativeService,1102,1783019868770201627,1783019803996713474,1783019803996738833,1783019868812073005,41.871,,0.025,64815.334,"CooperativeService{guidedPlanning, status=request, vehicleId=0x7665682d3733, requestedHorizonMs=2500, confidence=100, planning.waypoints=1, offloadTaskId=udp-probe-951, offloadPayload=1024 bytes}"
5g-udp-sender,1783019869040019509,edge4av-real-20260702-multiclient-scalability-run-4,p5g-scale-udp-payload-1024-clients-100,scale,guided-planning,udp,veh-73,veh-73,rsu-1,p5g-scale-udp-payload-1024-clients-100-veh-73-952,ipi-session-1,multiclient-scalability-run-4,veh-73,952,100-clients,default,stationary,unsynced,true,true,clients,100,count,IPI-CooperativeService,1102,1783019869012223991,1783019804227172886,1783019804227195518,1783019869040019509,27.796,,0.023,64812.824,"CooperativeService{guidedPlanning, status=request, vehicleId=0x7665682d3733, requestedHorizonMs=2500, confidence=100, planning.waypoints=1, offloadTaskId=udp-probe-952, offloadPayload=1024 bytes}"
5g-udp-sender,1783019869292040597,edge4av-real-20260702-multiclient-scalability-run-4,p5g-scale-udp-payload-1024-clients-100,scale,guided-planning,udp,veh-73,veh-73,rsu-1,p5g-scale-udp-payload-1024-clients-100-veh-73-953,ipi-session-1,multiclient-scalability-run-4,veh-73,953,100-clients,default,stationary,unsynced,true,true,clients,100,count,IPI-CooperativeService,1102,1783019869240167968,1783019804477034051,1783019804477084253,1783019869292040597,51.873,,0.050,64814.956,"CooperativeService{guidedPlanning, status=request, vehicleId=0x7665682d3733, requestedHorizonMs=2500, confidence=100, planning.waypoints=1, offloadTaskId=udp-probe-953, offloadPayload=1024 bytes}"
5g-udp-sender,1783019869529054776,edge4av-real-20260702-multiclient-scalability-run-4,p5g-scale-udp-payload-1024-clients-100,scale,guided-planning,udp,veh-73,veh-73,rsu-1,p5g-scale-udp-payload-1024-clients-100-veh-73-954,ipi-session-1,multiclient-scalability-run-4,veh-73,954,100-clients,default,stationary,unsynced,true,true,clients,100,count,IPI-CooperativeService,1102,1783019869492198570,1783019804717561620,1783019804717610957,1783019869529054776,36.856,,0.049,64811.444,"CooperativeService{guidedPlanning, status=request, vehicleId=0x7665682d3733, requestedHorizonMs=2500, confidence=100, planning.waypoints=1, offloadTaskId=udp-probe-954, offloadPayload=1024 bytes}"
5g-udp-sender,1783019869772030033,edge4av-real-20260702-multiclient-scalability-run-4,p5g-scale-udp-payload-1024-clients-100,scale,guided-planning,udp,veh-73,veh-73,rsu-1,p5g-scale-udp-payload-1024-clients-100-veh-73-955,ipi-session-1,multiclient-scalability-run-4,veh-73,955,100-clients,default,stationary,unsynced,true,true,clients,100,count,IPI-CooperativeService,1102,1783019869729250032,1783019804948733595,1783019804948760891,1783019869772030033,42.780,,0.027,64823.269,"CooperativeService{guidedPlanning, status=request, vehicleId=0x7665682d3733, requestedHorizonMs=2500, confidence=100, planning.waypoints=1, offloadTaskId=udp-probe-955, offloadPayload=1024 bytes}"
5g-udp-sender,1783019870003960937,edge4av-real-20260702-multiclient-scalability-run-4,p5g-scale-udp-payload-1024-clients-100,scale,guided-planning,udp,veh-73,veh-73,rsu-1,p5g-scale-udp-payload-1024-clients-100-veh-73-956,ipi-session-1,multiclient-scalability-run-4,veh-73,956,100-clients,default,stationary,unsynced,true,true,clients,100,count,IPI-CooperativeService,1102,1783019869972179875,1783019805188446447,1783019805188496796,1783019870003960937,31.781,,0.050,64815.464,"CooperativeService{guidedPlanning, status=request, vehicleId=0x7665682d3733, requestedHorizonMs=2500, confidence=100, planning.waypoints=1, offloadTaskId=udp-probe-956, offloadPayload=1024 bytes}"
5g-udp-sender,1783019870237990150,edge4av-real-20260702-multiclient-scalability-run-4,p5g-scale-udp-payload-1024-clients-100,scale,guided-planning,udp,veh-73,veh-73,rsu-1,p5g-scale-udp-payload-1024-clients-100-veh-73-957,ipi-session-1,multiclient-scalability-run-4,veh-73,957,100-clients,default,stationary,unsynced,true,true,clients,100,count,IPI-CooperativeService,1102,1783019870204108999,1783019805419205684,1783019805419228299,1783019870237990150,33.881,,0.023,64818.762,"CooperativeService{guidedPlanning, status=request, vehicleId=0x7665682d3733, requestedHorizonMs=2500, confidence=100, planning.waypoints=1, offloadTaskId=udp-probe-957, offloadPayload=1024 bytes}"
5g-udp-sender,1783019870474165249,edge4av-real-20260702-multiclient-scalability-run-4,p5g-scale-udp-payload-1024-clients-100,scale,guided-planning,udp,veh-73,veh-73,rsu-1,p5g-scale-udp-payload-1024-clients-100-veh-73-958,ipi-session-1,multiclient-scalability-run-4,veh-73,958,100-clients,default,stationary,unsynced,true,true,clients,100,count,IPI-CooperativeService,1102,1783019870438138495,1783019805659883501,1783019805659909088,1783019870474165249,36.027,,0.026,64814.256,"CooperativeService{guidedPlanning, status=request, vehicleId=0x7665682d3733, requestedHorizonMs=2500, confidence=100, planning.waypoints=1, offloadTaskId=udp-probe-958, offloadPayload=1024 bytes}"
5g-udp-sender,1783019870724097581,edge4av-real-20260702-multiclient-scalability-run-4,p5g-scale-udp-payload-1024-clients-100,scale,guided-planning,udp,veh-73,veh-73,rsu-1,p5g-scale-udp-payload-1024-clients-100-veh-73-959,ipi-session-1,multiclient-scalability-run-4,veh-73,959,100-clients,default,stationary,unsynced,true,true,clients,100,count,IPI-CooperativeService,1102,1783019870674328481,1783019805909864332,1783019805909891885,1783019870724097581,49.769,,0.028,64814.206,"CooperativeService{guidedPlanning, status=request, vehicleId=0x7665682d3733, requestedHorizonMs=2500, confidence=100, planning.waypoints=1, offloadTaskId=udp-probe-959, offloadPayload=1024 bytes}"
5g-udp-sender,1783019870964083956,edge4av-real-20260702-multiclient-scalability-run-4,p5g-scale-udp-payload-1024-clients-100,scale,guided-planning,udp,veh-73,veh-73,rsu-1,p5g-scale-udp-payload-1024-clients-100-veh-73-960,ipi-session-1,multiclient-scalability-run-4,veh-73,960,100-clients,default,stationary,unsynced,true,true,clients,100,count,IPI-CooperativeService,1102,1783019870924253350,1783019806150160643,1783019806150188528,1783019870964083956,39.831,,0.028,64813.895,"CooperativeService{guidedPlanning, status=request, vehicleId=0x7665682d3733, requestedHorizonMs=2500, confidence=100, planning.waypoints=1, offloadTaskId=udp-probe-960, offloadPayload=1024 bytes}"
5g-udp-sender,1783019871214043234,edge4av-real-20260702-multiclient-scalability-run-4,p5g-scale-udp-payload-1024-clients-100,scale,guided-planning,udp,veh-73,veh-73,rsu-1,p5g-scale-udp-payload-1024-clients-100-veh-73-961,ipi-session-1,multiclient-scalability-run-4,veh-73,961,100-clients,default,stationary,unsynced,true,true,clients,100,count,IPI-CooperativeService,1102,1783019871164271128,1783019806400871247,1783019806400894726,1783019871214043234,49.772,,0.023,64813.149,"CooperativeService{guidedPlanning, status=request, vehicleId=0x7665682d3733, requestedHorizonMs=2500, confidence=100, planning.waypoints=1, offloadTaskId=udp-probe-961, offloadPayload=1024 bytes}"
5g-udp-sender,1783019871497956864,edge4av-real-20260702-multiclient-scalability-run-4,p5g-scale-udp-payload-1024-clients-100,scale,guided-planning,udp,veh-73,veh-73,rsu-1,p5g-scale-udp-payload-1024-clients-100-veh-73-962,ipi-session-1,multiclient-scalability-run-4,veh-73,962,100-clients,default,stationary,unsynced,true,true,clients,100,count,IPI-CooperativeService,1102,1783019871414205859,1783019806681308636,1783019806681336743,1783019871497956864,83.751,,0.028,64816.620,"CooperativeService{guidedPlanning, status=request, vehicleId=0x7665682d3733, requestedHorizonMs=2500, confidence=100, planning.waypoints=1, offloadTaskId=udp-probe-962, offloadPayload=1024 bytes}"
5g-udp-sender,1783019871755975221,edge4av-real-20260702-multiclient-scalability-run-4,p5g-scale-udp-payload-1024-clients-100,scale,guided-planning,udp,veh-73,veh-73,rsu-1,p5g-scale-udp-payload-1024-clients-100-veh-73-963,ipi-session-1,multiclient-scalability-run-4,veh-73,963,100-clients,default,stationary,unsynced,true,true,clients,100,count,IPI-CooperativeService,1102,1783019871698101233,1783019806941720498,1783019806941748036,1783019871755975221,57.874,,0.028,64814.227,"CooperativeService{guidedPlanning, status=request, vehicleId=0x7665682d3733, requestedHorizonMs=2500, confidence=100, planning.waypoints=1, offloadTaskId=udp-probe-963, offloadPayload=1024 bytes}"
5g-udp-sender,1783019871998098254,edge4av-real-20260702-multiclient-scalability-run-4,p5g-scale-udp-payload-1024-clients-100,scale,guided-planning,udp,veh-73,veh-73,rsu-1,p5g-scale-udp-payload-1024-clients-100-veh-73-964,ipi-session-1,multiclient-scalability-run-4,veh-73,964,100-clients,default,stationary,unsynced,true,true,clients,100,count,IPI-CooperativeService,1102,1783019871956124422,1783019807182352538,1783019807182374268,1783019871998098254,41.974,,0.022,64815.724,"CooperativeService{guidedPlanning, status=request, vehicleId=0x7665682d3733, requestedHorizonMs=2500, confidence=100, planning.waypoints=1, offloadTaskId=udp-probe-964, offloadPayload=1024 bytes}"
5g-udp-sender,1783019872238046374,edge4av-real-20260702-multiclient-scalability-run-4,p5g-scale-udp-payload-1024-clients-100,scale,guided-planning,udp,veh-73,veh-73,rsu-1,p5g-scale-udp-payload-1024-clients-100-veh-73-965,ipi-session-1,multiclient-scalability-run-4,veh-73,965,100-clients,default,stationary,unsynced,true,true,clients,100,count,IPI-CooperativeService,1102,1783019872198247059,1783019807422520779,1783019807422547307,1783019872238046374,39.799,,0.027,64815.499,"CooperativeService{guidedPlanning, status=request, vehicleId=0x7665682d3733, requestedHorizonMs=2500, confidence=100, planning.waypoints=1, offloadTaskId=udp-probe-965, offloadPayload=1024 bytes}"
5g-udp-sender,1783019872489939790,edge4av-real-20260702-multiclient-scalability-run-4,p5g-scale-udp-payload-1024-clients-100,scale,guided-planning,udp,veh-73,veh-73,rsu-1,p5g-scale-udp-payload-1024-clients-100-veh-73-966,ipi-session-1,multiclient-scalability-run-4,veh-73,966,100-clients,default,stationary,unsynced,true,true,clients,100,count,IPI-CooperativeService,1102,1783019872438196925,1783019807673133339,1783019807673156366,1783019872489939790,51.743,,0.023,64816.783,"CooperativeService{guidedPlanning, status=request, vehicleId=0x7665682d3733, requestedHorizonMs=2500, confidence=100, planning.waypoints=1, offloadTaskId=udp-probe-966, offloadPayload=1024 bytes}"
5g-udp-sender,1783019872761963417,edge4av-real-20260702-multiclient-scalability-run-4,p5g-scale-udp-payload-1024-clients-100,scale,guided-planning,udp,veh-73,veh-73,rsu-1,p5g-scale-udp-payload-1024-clients-100-veh-73-967,ipi-session-1,multiclient-scalability-run-4,veh-73,967,100-clients,default,stationary,unsynced,true,true,clients,100,count,IPI-CooperativeService,1102,1783019872690117218,1783019807943608402,1783019807943634071,1783019872761963417,71.846,,0.026,64818.329,"CooperativeService{guidedPlanning, status=request, vehicleId=0x7665682d3733, requestedHorizonMs=2500, confidence=100, planning.waypoints=1, offloadTaskId=udp-probe-967, offloadPayload=1024 bytes}"
5g-udp-sender,1783019872998087983,edge4av-real-20260702-multiclient-scalability-run-4,p5g-scale-udp-payload-1024-clients-100,scale,guided-planning,udp,veh-73,veh-73,rsu-1,p5g-scale-udp-payload-1024-clients-100-veh-73-968,ipi-session-1,multiclient-scalability-run-4,veh-73,968,100-clients,default,stationary,unsynced,true,true,clients,100,count,IPI-CooperativeService,1102,1783019872962112719,1783019808183605491,1783019808183655519,1783019872998087983,35.975,,0.050,64814.432,"CooperativeService{guidedPlanning, status=request, vehicleId=0x7665682d3733, requestedHorizonMs=2500, confidence=100, planning.waypoints=1, offloadTaskId=udp-probe-968, offloadPayload=1024 bytes}"
5g-udp-sender,1783019873232130081,edge4av-real-20260702-multiclient-scalability-run-4,p5g-scale-udp-payload-1024-clients-100,scale,guided-planning,udp,veh-73,veh-73,rsu-1,p5g-scale-udp-payload-1024-clients-100-veh-73-969,ipi-session-1,multiclient-scalability-run-4,veh-73,969,100-clients,default,stationary,unsynced,true,true,clients,100,count,IPI-CooperativeService,1102,1783019873198238550,1783019808414443782,1783019808414466637,1783019873232130081,33.892,,0.023,64817.663,"CooperativeService{guidedPlanning, status=request, vehicleId=0x7665682d3733, requestedHorizonMs=2500, confidence=100, planning.waypoints=1, offloadTaskId=udp-probe-969, offloadPayload=1024 bytes}"
5g-udp-sender,1783019873462145659,edge4av-real-20260702-multiclient-scalability-run-4,p5g-scale-udp-payload-1024-clients-100,scale,guided-planning,udp,veh-73,veh-73,rsu-1,p5g-scale-udp-payload-1024-clients-100-veh-73-970,ipi-session-1,multiclient-scalability-run-4,veh-73,970,100-clients,default,stationary,unsynced,true,true,clients,100,count,IPI-CooperativeService,1102,1783019873432281915,1783019808644819699,1783019808644845076,1783019873462145659,29.864,,0.025,64817.301,"CooperativeService{guidedPlanning, status=request, vehicleId=0x7665682d3733, requestedHorizonMs=2500, confidence=100, planning.waypoints=1, offloadTaskId=udp-probe-970, offloadPayload=1024 bytes}"
5g-udp-sender,1783019873701950594,edge4av-real-20260702-multiclient-scalability-run-4,p5g-scale-udp-payload-1024-clients-100,scale,guided-planning,udp,veh-73,veh-73,rsu-1,p5g-scale-udp-payload-1024-clients-100-veh-73-971,ipi-session-1,multiclient-scalability-run-4,veh-73,971,100-clients,default,stationary,unsynced,true,true,clients,100,count,IPI-CooperativeService,1102,1783019873662290503,1783019808885020506,1783019808885047447,1783019873701950594,39.660,,0.027,64816.903,"CooperativeService{guidedPlanning, status=request, vehicleId=0x7665682d3733, requestedHorizonMs=2500, confidence=100, planning.waypoints=1, offloadTaskId=udp-probe-971, offloadPayload=1024 bytes}"
5g-udp-sender,1783019873937205885,edge4av-real-20260702-multiclient-scalability-run-4,p5g-scale-udp-payload-1024-clients-100,scale,guided-planning,udp,veh-73,veh-73,rsu-1,p5g-scale-udp-payload-1024-clients-100-veh-73-972,ipi-session-1,multiclient-scalability-run-4,veh-73,972,100-clients,default,stationary,unsynced,true,true,clients,100,count,IPI-CooperativeService,1102,1783019873902102129,1783019809125196827,1783019809125245861,1783019873937205885,35.104,,0.049,64811.960,"CooperativeService{guidedPlanning, status=request, vehicleId=0x7665682d3733, requestedHorizonMs=2500, confidence=100, planning.waypoints=1, offloadTaskId=udp-probe-972, offloadPayload=1024 bytes}"
5g-udp-sender,1783019874190017791,edge4av-real-20260702-multiclient-scalability-run-4,p5g-scale-udp-payload-1024-clients-100,scale,guided-planning,udp,veh-73,veh-73,rsu-1,p5g-scale-udp-payload-1024-clients-100-veh-73-973,ipi-session-1,multiclient-scalability-run-4,veh-73,973,100-clients,default,stationary,unsynced,true,true,clients,100,count,IPI-CooperativeService,1102,1783019874137356743,1783019809376180894,1783019809376204144,1783019874190017791,52.661,,0.023,64813.814,"CooperativeService{guidedPlanning, status=request, vehicleId=0x7665682d3733, requestedHorizonMs=2500, confidence=100, planning.waypoints=1, offloadTaskId=udp-probe-973, offloadPayload=1024 bytes}"
5g-udp-sender,1783019874440117714,edge4av-real-20260702-multiclient-scalability-run-4,p5g-scale-udp-payload-1024-clients-100,scale,guided-planning,udp,veh-73,veh-73,rsu-1,p5g-scale-udp-payload-1024-clients-100-veh-73-974,ipi-session-1,multiclient-scalability-run-4,veh-73,974,100-clients,default,stationary,unsynced,true,true,clients,100,count,IPI-CooperativeService,1102,1783019874390210719,1783019809626556488,1783019809626579696,1783019874440117714,49.907,,0.023,64813.538,"CooperativeService{guidedPlanning, status=request, vehicleId=0x7665682d3733, requestedHorizonMs=2500, confidence=100, planning.waypoints=1, offloadTaskId=udp-probe-974, offloadPayload=1024 bytes}"
5g-udp-sender,1783019874670127841,edge4av-real-20260702-multiclient-scalability-run-4,p5g-scale-udp-payload-1024-clients-100,scale,guided-planning,udp,veh-73,veh-73,rsu-1,p5g-scale-udp-payload-1024-clients-100-veh-73-975,ipi-session-1,multiclient-scalability-run-4,veh-73,975,100-clients,default,stationary,unsynced,true,true,clients,100,count,IPI-CooperativeService,1102,1783019874640267485,1783019809856781983,1783019809856814385,1783019874670127841,29.860,,0.032,64813.313,"CooperativeService{guidedPlanning, status=request, vehicleId=0x7665682d3733, requestedHorizonMs=2500, confidence=100, planning.waypoints=1, offloadTaskId=udp-probe-975, offloadPayload=1024 bytes}"
5g-udp-sender,1783019874940043056,edge4av-real-20260702-multiclient-scalability-run-4,p5g-scale-udp-payload-1024-clients-100,scale,guided-planning,udp,veh-73,veh-73,rsu-1,p5g-scale-udp-payload-1024-clients-100-veh-73-976,ipi-session-1,multiclient-scalability-run-4,veh-73,976,100-clients,default,stationary,unsynced,true,true,clients,100,count,IPI-CooperativeService,1102,1783019874870278225,1783019810117115137,1783019810117138143,1783019874940043056,69.765,,0.023,64822.905,"CooperativeService{guidedPlanning, status=request, vehicleId=0x7665682d3733, requestedHorizonMs=2500, confidence=100, planning.waypoints=1, offloadTaskId=udp-probe-976, offloadPayload=1024 bytes}"
5g-udp-sender,1783019875194034520,edge4av-real-20260702-multiclient-scalability-run-4,p5g-scale-udp-payload-1024-clients-100,scale,guided-planning,udp,veh-73,veh-73,rsu-1,p5g-scale-udp-payload-1024-clients-100-veh-73-977,ipi-session-1,multiclient-scalability-run-4,veh-73,977,100-clients,default,stationary,unsynced,true,true,clients,100,count,IPI-CooperativeService,1102,1783019875140191529,1783019810377856322,1783019810377880386,1783019875194034520,53.843,,0.024,64816.154,"CooperativeService{guidedPlanning, status=request, vehicleId=0x7665682d3733, requestedHorizonMs=2500, confidence=100, planning.waypoints=1, offloadTaskId=udp-probe-977, offloadPayload=1024 bytes}"
5g-udp-sender,1783019875432132865,edge4av-real-20260702-multiclient-scalability-run-4,p5g-scale-udp-payload-1024-clients-100,scale,guided-planning,udp,veh-73,veh-73,rsu-1,p5g-scale-udp-payload-1024-clients-100-veh-73-978,ipi-session-1,multiclient-scalability-run-4,veh-73,978,100-clients,default,stationary,unsynced,true,true,clients,100,count,IPI-CooperativeService,1102,1783019875394183131,1783019810618413726,1783019810618468023,1783019875432132865,37.950,,0.054,64813.665,"CooperativeService{guidedPlanning, status=request, vehicleId=0x7665682d3733, requestedHorizonMs=2500, confidence=100, planning.waypoints=1, offloadTaskId=udp-probe-978, offloadPayload=1024 bytes}"
5g-udp-sender,1783019875686079839,edge4av-real-20260702-multiclient-scalability-run-4,p5g-scale-udp-payload-1024-clients-100,scale,guided-planning,udp,veh-73,veh-73,rsu-1,p5g-scale-udp-payload-1024-clients-100-veh-73-979,ipi-session-1,multiclient-scalability-run-4,veh-73,979,100-clients,default,stationary,unsynced,true,true,clients,100,count,IPI-CooperativeService,1102,1783019875632277206,1783019810868581335,1783019810868605151,1783019875686079839,53.803,,0.024,64817.475,"CooperativeService{guidedPlanning, status=request, vehicleId=0x7665682d3733, requestedHorizonMs=2500, confidence=100, planning.waypoints=1, offloadTaskId=udp-probe-979, offloadPayload=1024 bytes}"
5g-udp-sender,1783019875931137377,edge4av-real-20260702-multiclient-scalability-run-4,p5g-scale-udp-payload-1024-clients-100,scale,guided-planning,udp,veh-73,veh-73,rsu-1,p5g-scale-udp-payload-1024-clients-100-veh-73-980,ipi-session-1,multiclient-scalability-run-4,veh-73,980,100-clients,default,stationary,unsynced,true,true,clients,100,count,IPI-CooperativeService,1102,1783019875886270000,1783019811118450673,1783019811118500583,1783019875931137377,44.867,,0.050,64812.637,"CooperativeService{guidedPlanning, status=request, vehicleId=0x7665682d3733, requestedHorizonMs=2500, confidence=100, planning.waypoints=1, offloadTaskId=udp-probe-980, offloadPayload=1024 bytes}"
5g-udp-sender,1783019876171998842,edge4av-real-20260702-multiclient-scalability-run-4,p5g-scale-udp-payload-1024-clients-100,scale,guided-planning,udp,veh-73,veh-73,rsu-1,p5g-scale-udp-payload-1024-clients-100-veh-73-981,ipi-session-1,multiclient-scalability-run-4,veh-73,981,100-clients,default,stationary,unsynced,true,true,clients,100,count,IPI-CooperativeService,1102,1783019876131290000,1783019811358960181,1783019811359010163,1783019876171998842,40.709,,0.050,64812.989,"CooperativeService{guidedPlanning, status=request, vehicleId=0x7665682d3733, requestedHorizonMs=2500, confidence=100, planning.waypoints=1, offloadTaskId=udp-probe-981, offloadPayload=1024 bytes}"
5g-udp-sender,1783019876414128877,edge4av-real-20260702-multiclient-scalability-run-4,p5g-scale-udp-payload-1024-clients-100,scale,guided-planning,udp,veh-73,veh-73,rsu-1,p5g-scale-udp-payload-1024-clients-100-veh-73-982,ipi-session-1,multiclient-scalability-run-4,veh-73,982,100-clients,default,stationary,unsynced,true,true,clients,100,count,IPI-CooperativeService,1102,1783019876372149296,1783019811599882365,1783019811599908538,1783019876414128877,41.980,,0.026,64814.220,"CooperativeService{guidedPlanning, status=request, vehicleId=0x7665682d3733, requestedHorizonMs=2500, confidence=100, planning.waypoints=1, offloadTaskId=udp-probe-982, offloadPayload=1024 bytes}"
5g-udp-sender,1783019876654077189,edge4av-real-20260702-multiclient-scalability-run-4,p5g-scale-udp-payload-1024-clients-100,scale,guided-planning,udp,veh-73,veh-73,rsu-1,p5g-scale-udp-payload-1024-clients-100-veh-73-983,ipi-session-1,multiclient-scalability-run-4,veh-73,983,100-clients,default,stationary,unsynced,true,true,clients,100,count,IPI-CooperativeService,1102,1783019876614291934,1783019811840349564,1783019811840382413,1783019876654077189,39.785,,0.033,64813.695,"CooperativeService{guidedPlanning, status=request, vehicleId=0x7665682d3733, requestedHorizonMs=2500, confidence=100, planning.waypoints=1, offloadTaskId=udp-probe-983, offloadPayload=1024 bytes}"
5g-udp-sender,1783019876894066348,edge4av-real-20260702-multiclient-scalability-run-4,p5g-scale-udp-payload-1024-clients-100,scale,guided-planning,udp,veh-73,veh-73,rsu-1,p5g-scale-udp-payload-1024-clients-100-veh-73-984,ipi-session-1,multiclient-scalability-run-4,veh-73,984,100-clients,default,stationary,unsynced,true,true,clients,100,count,IPI-CooperativeService,1102,1783019876854225263,1783019812080722488,1783019812080754251,1783019876894066348,39.841,,0.032,64813.312,"CooperativeService{guidedPlanning, status=request, vehicleId=0x7665682d3733, requestedHorizonMs=2500, confidence=100, planning.waypoints=1, offloadTaskId=udp-probe-984, offloadPayload=1024 bytes}"
5g-udp-sender,1783019877138075567,edge4av-real-20260702-multiclient-scalability-run-4,p5g-scale-udp-payload-1024-clients-100,scale,guided-planning,udp,veh-73,veh-73,rsu-1,p5g-scale-udp-payload-1024-clients-100-veh-73-985,ipi-session-1,multiclient-scalability-run-4,veh-73,985,100-clients,default,stationary,unsynced,true,true,clients,100,count,IPI-CooperativeService,1102,1783019877094215791,1783019812321214097,1783019812321243911,1783019877138075567,43.860,,0.030,64816.832,"CooperativeService{guidedPlanning, status=request, vehicleId=0x7665682d3733, requestedHorizonMs=2500, confidence=100, planning.waypoints=1, offloadTaskId=udp-probe-985, offloadPayload=1024 bytes}"
5g-udp-sender,1783019877382083776,edge4av-real-20260702-multiclient-scalability-run-4,p5g-scale-udp-payload-1024-clients-100,scale,guided-planning,udp,veh-73,veh-73,rsu-1,p5g-scale-udp-payload-1024-clients-100-veh-73-986,ipi-session-1,multiclient-scalability-run-4,veh-73,986,100-clients,default,stationary,unsynced,true,true,clients,100,count,IPI-CooperativeService,1102,1783019877338261874,1783019812561803343,1783019812561846110,1783019877382083776,43.822,,0.043,64820.238,"CooperativeService{guidedPlanning, status=request, vehicleId=0x7665682d3733, requestedHorizonMs=2500, confidence=100, planning.waypoints=1, offloadTaskId=udp-probe-986, offloadPayload=1024 bytes}"
5g-udp-sender,1783019877623995825,edge4av-real-20260702-multiclient-scalability-run-4,p5g-scale-udp-payload-1024-clients-100,scale,guided-planning,udp,veh-73,veh-73,rsu-1,p5g-scale-udp-payload-1024-clients-100-veh-73-987,ipi-session-1,multiclient-scalability-run-4,veh-73,987,100-clients,default,stationary,unsynced,true,true,clients,100,count,IPI-CooperativeService,1102,1783019877582231519,1783019812802146724,1783019812802191641,1783019877623995825,41.764,,0.045,64821.804,"CooperativeService{guidedPlanning, status=request, vehicleId=0x7665682d3733, requestedHorizonMs=2500, confidence=100, planning.waypoints=1, offloadTaskId=udp-probe-987, offloadPayload=1024 bytes}"
5g-udp-sender,1783019877856290827,edge4av-real-20260702-multiclient-scalability-run-4,p5g-scale-udp-payload-1024-clients-100,scale,guided-planning,udp,veh-73,veh-73,rsu-1,p5g-scale-udp-payload-1024-clients-100-veh-73-988,ipi-session-1,multiclient-scalability-run-4,veh-73,988,100-clients,default,stationary,unsynced,true,true,clients,100,count,IPI-CooperativeService,1102,1783019877824142592,1783019813042260214,1783019813042285676,1783019877856290827,32.148,,0.025,64814.005,"CooperativeService{guidedPlanning, status=request, vehicleId=0x7665682d3733, requestedHorizonMs=2500, confidence=100, planning.waypoints=1, offloadTaskId=udp-probe-988, offloadPayload=1024 bytes}"
5g-udp-sender,1783019878089982154,edge4av-real-20260702-multiclient-scalability-run-4,p5g-scale-udp-payload-1024-clients-100,scale,guided-planning,udp,veh-73,veh-73,rsu-1,p5g-scale-udp-payload-1024-clients-100-veh-73-989,ipi-session-1,multiclient-scalability-run-4,veh-73,989,100-clients,default,stationary,unsynced,true,true,clients,100,count,IPI-CooperativeService,1102,1783019878056459477,1783019813272750466,1783019813272774852,1783019878089982154,33.523,,0.024,64817.207,"CooperativeService{guidedPlanning, status=request, vehicleId=0x7665682d3733, requestedHorizonMs=2500, confidence=100, planning.waypoints=1, offloadTaskId=udp-probe-989, offloadPayload=1024 bytes}"
5g-udp-sender,1783019878346052613,edge4av-real-20260702-multiclient-scalability-run-4,p5g-scale-udp-payload-1024-clients-100,scale,guided-planning,udp,veh-73,veh-73,rsu-1,p5g-scale-udp-payload-1024-clients-100-veh-73-990,ipi-session-1,multiclient-scalability-run-4,veh-73,990,100-clients,default,stationary,unsynced,true,true,clients,100,count,IPI-CooperativeService,1102,1783019878290132423,1783019813532467156,1783019813532517199,1783019878346052613,55.920,,0.050,64813.535,"CooperativeService{guidedPlanning, status=request, vehicleId=0x7665682d3733, requestedHorizonMs=2500, confidence=100, planning.waypoints=1, offloadTaskId=udp-probe-990, offloadPayload=1024 bytes}"
5g-udp-sender,1783019878622108272,edge4av-real-20260702-multiclient-scalability-run-4,p5g-scale-udp-payload-1024-clients-100,scale,guided-planning,udp,veh-73,veh-73,rsu-1,p5g-scale-udp-payload-1024-clients-100-veh-73-991,ipi-session-1,multiclient-scalability-run-4,veh-73,991,100-clients,default,stationary,unsynced,true,true,clients,100,count,IPI-CooperativeService,1102,1783019878546209776,1783019813803450408,1783019813803476708,1783019878622108272,75.898,,0.026,64818.632,"CooperativeService{guidedPlanning, status=request, vehicleId=0x7665682d3733, requestedHorizonMs=2500, confidence=100, planning.waypoints=1, offloadTaskId=udp-probe-991, offloadPayload=1024 bytes}"
5g-udp-sender,1783019878896056688,edge4av-real-20260702-multiclient-scalability-run-4,p5g-scale-udp-payload-1024-clients-100,scale,guided-planning,udp,veh-73,veh-73,rsu-1,p5g-scale-udp-payload-1024-clients-100-veh-73-992,ipi-session-1,multiclient-scalability-run-4,veh-73,992,100-clients,default,stationary,unsynced,true,true,clients,100,count,IPI-CooperativeService,1102,1783019878822306032,1783019814073916016,1783019814073942477,1783019878896056688,73.751,,0.026,64822.114,"CooperativeService{guidedPlanning, status=request, vehicleId=0x7665682d3733, requestedHorizonMs=2500, confidence=100, planning.waypoints=1, offloadTaskId=udp-probe-992, offloadPayload=1024 bytes}"
5g-udp-sender,1783019879210072202,edge4av-real-20260702-multiclient-scalability-run-4,p5g-scale-udp-payload-1024-clients-100,scale,guided-planning,udp,veh-73,veh-73,rsu-1,p5g-scale-udp-payload-1024-clients-100-veh-73-993,ipi-session-1,multiclient-scalability-run-4,veh-73,993,100-clients,default,stationary,unsynced,true,true,clients,100,count,IPI-CooperativeService,1102,1783019879096206624,1783019814394201167,1783019814394251412,1783019879210072202,113.866,,0.050,64815.821,"CooperativeService{guidedPlanning, status=request, vehicleId=0x7665682d3733, requestedHorizonMs=2500, confidence=100, planning.waypoints=1, offloadTaskId=udp-probe-993, offloadPayload=1024 bytes}"
5g-udp-sender,1783019879496966408,edge4av-real-20260702-multiclient-scalability-run-4,p5g-scale-udp-payload-1024-clients-100,scale,guided-planning,udp,veh-73,veh-73,rsu-1,p5g-scale-udp-payload-1024-clients-100-veh-73-994,ipi-session-1,multiclient-scalability-run-4,veh-73,994,100-clients,default,stationary,unsynced,true,true,clients,100,count,IPI-CooperativeService,1102,1783019879410225622,1783019814684762196,1783019814684812900,1783019879496966408,86.741,,0.051,64812.154,"CooperativeService{guidedPlanning, status=request, vehicleId=0x7665682d3733, requestedHorizonMs=2500, confidence=100, planning.waypoints=1, offloadTaskId=udp-probe-994, offloadPayload=1024 bytes}"
5g-udp-sender,1783019879782116873,edge4av-real-20260702-multiclient-scalability-run-4,p5g-scale-udp-payload-1024-clients-100,scale,guided-planning,udp,veh-73,veh-73,rsu-1,p5g-scale-udp-payload-1024-clients-100-veh-73-995,ipi-session-1,multiclient-scalability-run-4,veh-73,995,100-clients,default,stationary,unsynced,true,true,clients,100,count,IPI-CooperativeService,1102,1783019879697119007,1783019814965002861,1783019814965052597,1783019879782116873,84.998,,0.050,64817.064,"CooperativeService{guidedPlanning, status=request, vehicleId=0x7665682d3733, requestedHorizonMs=2500, confidence=100, planning.waypoints=1, offloadTaskId=udp-probe-995, offloadPayload=1024 bytes}"
5g-udp-sender,1783019880050166604,edge4av-real-20260702-multiclient-scalability-run-4,p5g-scale-udp-payload-1024-clients-100,scale,guided-planning,udp,veh-73,veh-73,rsu-1,p5g-scale-udp-payload-1024-clients-100-veh-73-996,ipi-session-1,multiclient-scalability-run-4,veh-73,996,100-clients,default,stationary,unsynced,true,true,clients,100,count,IPI-CooperativeService,1102,1783019879982273255,1783019815226125874,1783019815226148269,1783019880050166604,67.893,,0.022,64824.018,"CooperativeService{guidedPlanning, status=request, vehicleId=0x7665682d3733, requestedHorizonMs=2500, confidence=100, planning.waypoints=1, offloadTaskId=udp-probe-996, offloadPayload=1024 bytes}"
5g-udp-sender,1783019880332127224,edge4av-real-20260702-multiclient-scalability-run-4,p5g-scale-udp-payload-1024-clients-100,scale,guided-planning,udp,veh-73,veh-73,rsu-1,p5g-scale-udp-payload-1024-clients-100-veh-73-997,ipi-session-1,multiclient-scalability-run-4,veh-73,997,100-clients,default,stationary,unsynced,true,true,clients,100,count,IPI-CooperativeService,1102,1783019880250314850,1783019815516392476,1783019815516419129,1783019880332127224,81.812,,0.027,64815.708,"CooperativeService{guidedPlanning, status=request, vehicleId=0x7665682d3733, requestedHorizonMs=2500, confidence=100, planning.waypoints=1, offloadTaskId=udp-probe-997, offloadPayload=1024 bytes}"
5g-udp-sender,1783019880642113313,edge4av-real-20260702-multiclient-scalability-run-4,p5g-scale-udp-payload-1024-clients-100,scale,guided-planning,udp,veh-73,veh-73,rsu-1,p5g-scale-udp-payload-1024-clients-100-veh-73-998,ipi-session-1,multiclient-scalability-run-4,veh-73,998,100-clients,default,stationary,unsynced,true,true,clients,100,count,IPI-CooperativeService,1102,1783019880532317349,1783019815826857075,1783019815826884397,1783019880642113313,109.796,,0.027,64815.229,"CooperativeService{guidedPlanning, status=request, vehicleId=0x7665682d3733, requestedHorizonMs=2500, confidence=100, planning.waypoints=1, offloadTaskId=udp-probe-998, offloadPayload=1024 bytes}"
5g-udp-sender,1783019880942151185,edge4av-real-20260702-multiclient-scalability-run-4,p5g-scale-udp-payload-1024-clients-100,scale,guided-planning,udp,veh-73,veh-73,rsu-1,p5g-scale-udp-payload-1024-clients-100-veh-73-999,ipi-session-1,multiclient-scalability-run-4,veh-73,999,100-clients,default,stationary,unsynced,true,true,clients,100,count,IPI-CooperativeService,1102,1783019880842260955,1783019816117363928,1783019816117387199,1783019880942151185,99.890,,0.023,64824.764,"CooperativeService{guidedPlanning, status=request, vehicleId=0x7665682d3733, requestedHorizonMs=2500, confidence=100, planning.waypoints=1, offloadTaskId=udp-probe-999, offloadPayload=1024 bytes}"
5g-udp-sender,1783019881186153042,edge4av-real-20260702-multiclient-scalability-run-4,p5g-scale-udp-payload-1024-clients-100,scale,guided-planning,udp,veh-73,veh-73,rsu-1,p5g-scale-udp-payload-1024-clients-100-veh-73-1000,ipi-session-1,multiclient-scalability-run-4,veh-73,1000,100-clients,default,stationary,unsynced,true,true,clients,100,count,IPI-CooperativeService,1103,1783019881142306187,1783019816367731407,1783019816367758554,1783019881186153042,43.847,,0.027,64818.394,"CooperativeService{guidedPlanning, status=request, vehicleId=0x7665682d3733, requestedHorizonMs=2500, confidence=100, planning.waypoints=1, offloadTaskId=udp-probe-1000, offloadPayload=1024 bytes}"
